0.0965 0.168561 0.106 0.0390246 0.0419241 0.0404224 0.0203768 
0.09975 0.173643 0.109 0.0400985 0.042481 0.0412554 0.0213647 
0.09225 0.166972 0.102 0.0382063 0.0410316 0.0395686 0.0195084 
0.095 0.170517 0.1015 0.0388512 0.0416266 0.040191 0.0201669 
0.08275 0.133505 0.0875 0.0313339 0.0661582 0.0425264 0.016148 
0.0855 0.139449 0.0895 0.0318741 0.0561392 0.0406618 0.0158601 
0.0815 0.139642 0.08525 0.0312409 0.0541899 0.039633 0.0149459 
0.08125 0.135645 0.08625 0.0310036 0.0597405 0.0408218 0.0152064 
0.0745 0.104634 0.0775 0.0263613 0.0681076 0.0380105 0.00980504 
0.1195 0.193631 0.12425 0.0566203 0.0599114 0.0582193 0.0386924 
0.12 0.195004 0.1285 0.0569878 0.0610949 0.05897 0.0393319 
0.119 0.19753 0.127 0.0584905 0.0610759 0.0597553 0.0403883 
0.1155 0.192965 0.12375 0.0564076 0.0598734 0.0580888 0.0385289 
0.1055 0.174888 0.11425 0.046516 0.0496582 0.0480358 0.0282109 
0.10975 0.180972 0.1165 0.0492903 0.0529684 0.0510632 0.031237 
0.1105 0.184725 0.11925 0.0498298 0.0537215 0.0517025 0.0318581 
0.112 0.184186 0.11825 0.0503126 0.0536899 0.0519464 0.0322068 
0.09225 0.165419 0.099 0.0378938 0.042519 0.0400734 0.0195915 
0.09375 0.164456 0.102 0.0379758 0.041943 0.0398609 0.0195303 
0.088 0.165163 0.09375 0.0372086 0.041538 0.0392543 0.0188051 
0.09025 0.166079 0.0985 0.0374908 0.0431329 0.0401144 0.0193868 
0.06225 0.0895446 0.06475 0.0217963 0.0378861 0.0276724 0.00265834 
0.0655 0.0903931 0.06975 0.0225452 0.0389747 0.0285661 0.00362621 
0.064 0.0900654 0.06725 0.0218214 0.0384114 0.0278317 0.0027038 
0.06575 0.093397 0.0695 0.0231548 0.0420253 0.0298585 0.00449883 
0.061 0.0844915 0.062 0.0217705 0.041 0.0284398 0.00270283 
0.05925 0.0869223 0.0635 0.0210279 0.0378924 0.0270466 0.00168 
0.062 0.0894892 0.06525 0.0220401 0.0386456 0.028071 0.00298562 
0.0635 0.0878031 0.06675 0.0220378 0.0424367 0.0290103 0.00308536 
0.06125 0.0851698 0.064 0.0220503 0.0407405 0.0286137 0.00305691 
0.06275 0.0898235 0.06525 0.0228121 0.0402595 0.0291226 0.00400386 
0.06325 0.0854564 0.06675 0.0238734 0.0508987 0.0325021 0.00576202 
0.06375 0.0874358 0.0665 0.0239639 0.0495253 0.0322991 0.00582811 
0.06425 0.0831742 0.0665 0.0226038 0.0482089 0.0307771 0.00398618 
0.06075 0.0843696 0.0645 0.0220868 0.0436013 0.0293208 0.00317895 
0.06025 0.0860769 0.0655 0.0223175 0.0422658 0.0292109 0.00344311 
0.06375 0.0905176 0.06725 0.024586 0.0515823 0.0333 0.00672317 
0.1235 0.204462 0.13075 0.0597448 0.0627532 0.061212 0.0418183 
0.11775 0.197741 0.12525 0.0570405 0.0608734 0.0588947 0.0392992 
0.117 0.193811 0.12275 0.0566067 0.0595127 0.0580233 0.0385547 
0.114 0.199193 0.128 0.0506476 0.0544494 0.0524797 0.0326791 
0.1185 0.191677 0.125 0.0588349 0.0618797 0.0603189 0.0408939 
0.12075 0.194626 0.128 0.0615706 0.0638354 0.0626826 0.0434446 
0.10725 0.185469 0.1225 0.0494128 0.0522785 0.0508053 0.0311259 
0.11425 0.190937 0.123 0.0565296 0.0609747 0.0586681 0.0389647 
0.11225 0.184009 0.1185 0.0532723 0.0575823 0.0553435 0.0355501 
0.11225 0.183036 0.12025 0.0528475 0.0577215 0.0551771 0.035279 
0.1145 0.184443 0.122 0.052152 0.0581772 0.0550001 0.0348933 
0.111 0.181697 0.11575 0.0533025 0.0566835 0.0549411 0.0352976 
0.0865 0.15201 0.09325 0.0358599 0.0460443 0.0403189 0.0185188 
0.08575 0.149996 0.09125 0.0370642 0.0448228 0.0405759 0.0193681 
0.086 0.152205 0.091 0.0393154 0.0509557 0.044385 0.0225864 
0.0865 0.154659 0.09175 0.0368738 0.0436329 0.0399696 0.0189622 
0.083 0.136501 0.0875 0.0359115 0.0466835 0.0405951 0.0186808 
0.0835 0.138888 0.088 0.0372884 0.0476456 0.0418355 0.0201174 
0.08275 0.139522 0.087 0.0353267 0.0425696 0.0386115 0.0173953 
0.08075 0.13826 0.085 0.0364425 0.046038 0.0406821 0.019049 
0.0695 0.104329 0.07475 0.0242708 0.0277658 0.025901 0.00492298 
0.0705 0.106427 0.07575 0.0243741 0.0303734 0.0270451 0.00524024 
0.06375 0.0986492 0.06725 0.0226124 0.0267785 0.0245197 0.00316628 
0.06775 0.101263 0.07225 0.0234891 0.0277532 0.0254437 0.00413339 
0.06275 0.0956918 0.06475 0.0216637 0.0261456 0.0236945 0.00213376 
0.06875 0.100116 0.073 0.0228695 0.0274367 0.0249458 0.00347212 
0.064 0.0987394 0.0685 0.0220628 0.0267911 0.0241982 0.00258734 
0.06775 0.0989572 0.07025 0.0228068 0.0266139 0.0245637 0.0033584 
0.11975 0.198839 0.129 0.0596886 0.0623228 0.0609772 0.0416361 
0.117 0.192631 0.1235 0.0594109 0.0614241 0.0604007 0.0411429 
0.11825 0.197648 0.12475 0.0603819 0.0636582 0.0619768 0.0425631 
0.116 0.192047 0.12275 0.0579924 0.0603481 0.0591468 0.0398006 
0.112 0.186908 0.11875 0.0524891 0.0552215 0.0538206 0.0342585 
0.11275 0.184779 0.1205 0.0533465 0.0553038 0.0543075 0.0348986 
0.11775 0.192525 0.1255 0.0544126 0.0570823 0.0557155 0.0362202 
0.115 0.184617 0.12125 0.0531441 0.0547468 0.0539336 0.0345784 
0.12 0.188904 0.12825 0.0567665 0.0596709 0.0581824 0.0387187 
0.117 0.189752 0.125 0.057397 0.0594684 0.0584143 0.0390952 
0.11725 0.189332 0.12575 0.0568568 0.0594873 0.0581423 0.038723 
0.11675 0.184185 0.1235 0.0550809 0.0573671 0.0562007 0.0367856 
0.11775 0.183105 0.12425 0.0543235 0.0580759 0.0561371 0.0364671 
0.1155 0.184419 0.12325 0.0554676 0.0581266 0.056766 0.0373028 
0.114 0.182547 0.12075 0.0533944 0.0558228 0.0545816 0.0350961 
0.11625 0.180884 0.12 0.0554405 0.0576266 0.0565124 0.0371231 
0.11575 0.183272 0.12275 0.0548824 0.0572215 0.0560276 0.0365985 
0.1125 0.179497 0.122 0.0511367 0.0553671 0.0531679 0.0333125 
0.11675 0.1827 0.12275 0.0540576 0.0566203 0.0553093 0.035821 
0.114 0.181391 0.12125 0.0532019 0.0558987 0.054517 0.0349819 
0.11375 0.173784 0.1205 0.0480937 0.0501709 0.0491104 0.0295336 
0.11025 0.176295 0.11725 0.0489581 0.0523734 0.0506082 0.0308168 
0.11325 0.175793 0.119 0.046914 0.0512975 0.0490079 0.0289691 
0.111 0.172407 0.1175 0.0473483 0.0504367 0.0488437 0.029057 
0.10675 0.168575 0.1125 0.0435371 0.0463987 0.0449224 0.0250495 
0.109 0.170736 0.117 0.0457148 0.0488165 0.0472147 0.0273701 
0.11025 0.172289 0.11725 0.0451234 0.0479367 0.0464875 0.0266783 
0.11075 0.168746 0.11775 0.0458465 0.0489557 0.0473501 0.0275086 
0.11725 0.19368 0.12675 0.0598669 0.0633797 0.0615733 0.0421109 
0.11825 0.192452 0.12625 0.057932 0.0605316 0.0592033 0.0398187 
0.11875 0.19534 0.1255 0.0589574 0.0618354 0.0603621 0.040965 
0.11325 0.188415 0.12125 0.0560061 0.0592278 0.0575719 0.0380371 
0.11175 0.183041 0.119 0.0513114 0.0537152 0.0524858 0.0329444 
0.114 0.185906 0.12525 0.0517876 0.0551076 0.053396 0.0337143 
0.11325 0.185745 0.12225 0.0516611 0.053962 0.0527865 0.0332729 
0.11475 0.188951 0.123 0.0537616 0.0559747 0.0548458 0.035406 
0.117 0.190733 0.12525 0.0545364 0.0576519 0.0560509 0.0364882 
0.111 0.182993 0.1195 0.0511663 0.0540063 0.052548 0.0329276 
0.11625 0.184079 0.12275 0.0552337 0.0584747 0.056808 0.0372468 
0.1145 0.18587 0.1205 0.0542742 0.0561646 0.0552032 0.0358301 
0.1215 0.189298 0.13025 0.0561551 0.0593797 0.0577224 0.0381916 
0.1175 0.186059 0.1265 0.0553488 0.0578861 0.056589 0.0371416 
0.116 0.18222 0.1255 0.0534277 0.0567405 0.0550343 0.0354058 
0.12125 0.190581 0.12975 0.0561169 0.0590506 0.0575464 0.0380593 
0.1215 0.186241 0.12575 0.0564921 0.0598101 0.0581038 0.0385689 
0.1175 0.180235 0.12375 0.0561398 0.0597342 0.0578812 0.0382935 
0.11725 0.182526 0.125 0.0534136 0.0568354 0.0550714 0.0354249 
0.11875 0.183694 0.1265 0.0543043 0.0586899 0.056412 0.0366423 
0.11775 0.178336 0.125 0.0529921 0.0556646 0.0542955 0.0347582 
0.11425 0.17964 0.122 0.0521182 0.0556646 0.053833 0.0341244 
0.10925 0.175666 0.11725 0.0509752 0.0547025 0.0527731 0.0329963 
0.11525 0.177332 0.12175 0.0523754 0.0556519 0.053964 0.0343082 
0.11575 0.17635 0.122 0.0515353 0.0553418 0.0533708 0.0335997 
0.11425 0.177367 0.12425 0.0507817 0.0563734 0.0534316 0.0333388 
0.1165 0.178769 0.1245 0.0535293 0.0569873 0.0552042 0.0355555 
0.11325 0.179504 0.1225 0.0520569 0.055038 0.0535059 0.0338892 
0.12125 0.198391 0.129 0.0609724 0.0638165 0.062362 0.0430262 
0.11775 0.191485 0.12475 0.0577716 0.0606266 0.0591647 0.0397373 
0.11825 0.192208 0.12775 0.0578594 0.0619114 0.0598169 0.0402149 
0.11775 0.192445 0.1245 0.0575368 0.0612468 0.0593339 0.0397722 
0.12025 0.186812 0.1275 0.0535494 0.0556835 0.0545956 0.0351629 
0.11325 0.185064 0.121 0.05277 0.0546076 0.0536731 0.0342686 
0.1135 0.183402 0.121 0.0508101 0.0534114 0.0520783 0.0324881 
0.112 0.186247 0.11925 0.0509486 0.053981 0.052421 0.032761 
0.11625 0.188016 0.1245 0.0543153 0.0575759 0.0558981 0.0363056 
0.114 0.188054 0.1245 0.0535553 0.0567975 0.0551288 0.0355157 
0.11125 0.183238 0.12075 0.0537283 0.0562532 0.0549617 0.0354701 
0.11875 0.189432 0.12675 0.0557393 0.0586582 0.0571615 0.0376656 
0.11975 0.184352 0.1275 0.0558427 0.0581835 0.0569891 0.0375864 
0.12075 0.189569 0.12575 0.0559236 0.0586139 0.0572372 0.0377821 
0.12 0.191483 0.12775 0.0545758 0.0592089 0.056798 0.0369994 
0.12125 0.187201 0.12675 0.0556905 0.0577532 0.0567031 0.03734 
0.116 0.182967 0.1245 0.0518983 0.0566266 0.0541594 0.0342499 
0.116 0.186188 0.12375 0.053287 0.0592848 0.0561261 0.0360691 
0.11875 0.181812 0.1265 0.054463 0.0592278 0.0567456 0.0369227 
0.115 0.177929 0.12175 0.0527502 0.0554241 0.0540541 0.0345094 
0.1135 0.182271 0.122 0.053816 0.0564873 0.0551193 0.0356064 
0.113 0.175456 0.1205 0.0513063 0.0538797 0.0525615 0.032991 
0.116 0.179504 0.124 0.0541814 0.0588101 0.0564009 0.0365892 
0.1115 0.174519 0.121 0.0512774 0.0557532 0.0534217 0.0335308 
0.11375 0.178336 0.12375 0.0513469 0.0545759 0.0529122 0.0332316 
0.1145 0.180177 0.12225 0.0533906 0.056443 0.0548744 0.0352869 
0.114 0.174268 0.123 0.050569 0.0541646 0.0523051 0.0325368 
0.113 0.177853 0.12175 0.052676 0.0552532 0.0539338 0.034403 
0.1165 0.191654 0.124 0.0585057 0.0616835 0.0600526 0.0405986 
0.12175 0.198757 0.129 0.0601238 0.0639367 0.0619717 0.0424744 
0.11725 0.194922 0.122 0.0591479 0.0622532 0.0606608 0.041236 
0.116 0.194799 0.12375 0.0577797 0.0622785 0.0599448 0.0402751 
0.112 0.185456 0.12 0.0519614 0.0539494 0.0529367 0.0334849 
0.113 0.186074 0.12275 0.0525677 0.0548038 0.0536625 0.0341855 
0.1165 0.187259 0.1245 0.0524693 0.0544873 0.0534593 0.0340163 
0.1185 0.190093 0.12375 0.0535145 0.0555823 0.0545288 0.0351061 
0.11625 0.1886 0.123 0.0559858 0.0582405 0.0570909 0.0377056 
0.1175 0.187385 0.12525 0.0548131 0.0573165 0.0560368 0.0365796 
0.11625 0.186236 0.12375 0.0547252 0.0576076 0.0561294 0.0366093 
0.113 0.188799 0.12375 0.0548431 0.0565696 0.055693 0.0363614 
0.12075 0.191246 0.128 0.0575342 0.0607215 0.0590849 0.0396009 
0.12375 0.188027 0.12975 0.0568976 0.058943 0.0579023 0.038574 
0.118 0.189531 0.1245 0.0560716 0.0588038 0.0574052 0.0379479 
0.1145 0.185523 0.1215 0.0534613 0.0564241 0.0549028 0.035332 
0.11575 0.18445 0.122 0.0550769 0.057981 0.0564917 0.0369786 
0.116 0.183696 0.12325 0.0543439 0.0572468 0.0557576 0.036223 
0.12075 0.184529 0.128 0.0550908 0.0588481 0.0569075 0.0372615 
0.11775 0.182767 0.128 0.0536727 0.0571519 0.0553577 0.0357102 
0.11425 0.179067 0.12425 0.0542779 0.0575696 0.0558753 0.0362767 
0.114 0.180856 0.1235 0.0520458 0.0560823 0.0539887 0.0341971 
0.1115 0.175511 0.12125 0.0516817 0.0548228 0.0532059 0.0335507 
0.1085 0.172956 0.12225 0.0448855 0.0485823 0.0466608 0.0266722 
0.11225 0.176112 0.1205 0.0508689 0.0538544 0.0523191 0.0326647 
0.113 0.177393 0.1225 0.0501414 0.0533165 0.0516802 0.0319699 
0.1145 0.176047 0.122 0.051164 0.0552911 0.0531476 0.0333103 
0.1165 0.178646 0.12575 0.0525341 0.0552658 0.0538653 0.0343046 
