Dataset ACC NMI PURITY FSCORE TIME
Dataset:Caltech101-20	 0.5947	 0.5641	 0.7045	 0.4303	 Time:32.3014

Dataset:Caltech101-20	 0.5947	 0.5641	 0.7045	 0.4303	 Time:32.5461

Dataset:Caltech101-20	 0.5947	 0.5641	 0.7045	 0.4303	 Time:30.3882

Dataset:Caltech101-20	 0.5947	 0.5641	 0.7045	 0.4303	 Time:32.2950

Dataset:Caltech101-20	 0.5947	 0.5641	 0.7045	 0.4303	 Time:32.2940
Dataset:CCV	 0.1156	 0.0346	 0.1194	 0.1085	 Time:396.7498
Dataset:Caltech101-all_fea	 0.1777	 0.2613	 0.2430	 0.0462	 Time:1109.3300
Dataset:SUNRGBD_fea	 0.1113	 0.0202	 0.1144	 0.1215	 Time:1045.7867
Dataset:NUSWIDEOBJ	 0.1221	 0.0095	 0.1227	 0.1140	 Time:17504.1105
Dataset:AwA_fea	 0.0390	 0.0032	 0.0399	 0.0457	 Time:8097.0574

Dataset:Caltech101-7	 0.5651	 0.5626	 0.8494	 0.5855	 Time:14.1900

Dataset:Caltech101-7	 0.9163	 0.7977	 0.9163	 0.8465	 0.8551	 0.8508	 0.8007	 Time:205.5341

Dataset:Caltech101-7	 0.0925	 0.0120	 0.0946	 0.0830	 0.9743	 0.1530	 0.0001	 Time:47.8389

Dataset:Caltech101-7	 0.0925	 0.0120	 0.0946	 0.0830	 0.9743	 0.1530	 0.0001	 Time:45.3256

Dataset:Caltech101-7	 0.0278	 0.0132	 0.0325	 0.0198	 0.9732	 0.0387	 0.0000	 Time:98.2792

Dataset:Caltech101-7	 0.0921	 0.0107	 0.0942	 0.0830	 0.9784	 0.1530	 0.0001	 Time:9.1919

Dataset:Caltech101-7	 0.0921	 0.0107	 0.0942	 0.0830	 0.9784	 0.1530	 0.0001	 Time:8.2795

Dataset:Caltech101-7	 0.0921	 0.0107	 0.0942	 0.0830	 0.9784	 0.1530	 0.0001	 Time:8.3083

Dataset:Caltech101-7	 0.0908	 0.0109	 0.0942	 0.0830	 0.9768	 0.1530	 0.0001	 Time:14.6507

Dataset:Caltech101-7	 0.0921	 0.0111	 0.0942	 0.0830	 0.9786	 0.1531	 0.0002	 Time:21.0826

Dataset:Caltech101-7	 0.0933	 0.0123	 0.0950	 0.0830	 0.9742	 0.1530	 0.0001	 Time:34.1523

Dataset:Caltech101-7	 0.0925	 0.0120	 0.0946	 0.0830	 0.9743	 0.1530	 0.0001	 Time:47.2545

Dataset:Caltech101-7	 0.1046	 0.0211	 0.1079	 0.0833	 0.9362	 0.1530	 0.0007	 Time:71.3668

Dataset:Caltech101-7	 0.1083	 0.0232	 0.1104	 0.0833	 0.9228	 0.1528	 0.0008	 Time:87.2036

Dataset:Caltech101-7	 0.1150	 0.0298	 0.1179	 0.0834	 0.8997	 0.1527	 0.0010	 Time:132.1476

Dataset:Caltech101-7	 0.1200	 0.0329	 0.1217	 0.0835	 0.8729	 0.1525	 0.0013	 Time:187.4776

Dataset:Caltech101-7	 0.1338	 0.0474	 0.1388	 0.0838	 0.7965	 0.1517	 0.0019	 Time:252.3767

Dataset:Caltech101-7	 0.0272	 0.0123	 0.0323	 0.0198	 0.9758	 0.0387	 0.0000	 Time:13.1305

Dataset:Caltech101-7	 0.0270	 0.0129	 0.0323	 0.0198	 0.9738	 0.0387	 0.0000	 Time:23.2723

Dataset:Caltech101-7	 0.0283	 0.0131	 0.0325	 0.0198	 0.9732	 0.0387	 0.0000	 Time:41.4639

Dataset:Caltech101-7	 0.0267	 0.0129	 0.0323	 0.0198	 0.9737	 0.0387	 0.0000	 Time:62.5174

Dataset:Caltech101-7	 0.0278	 0.0132	 0.0325	 0.0198	 0.9732	 0.0387	 0.0000	 Time:98.9250

Dataset:Caltech101-7	 0.0272	 0.0137	 0.0325	 0.0198	 0.9719	 0.0387	 0.0000	 Time:155.5878

Dataset:Caltech101-7	 0.0283	 0.0146	 0.0333	 0.0198	 0.9699	 0.0387	 0.0000	 Time:233.6389

Dataset:Caltech101-7	 0.0272	 0.0146	 0.0328	 0.0198	 0.9695	 0.0387	 0.0000	 Time:338.1007

Dataset:Caltech101-7	 0.0278	 0.0145	 0.0328	 0.0198	 0.9695	 0.0387	 0.0000	 Time:468.2288

Dataset:Caltech101-7	 0.0293	 0.0151	 0.0338	 0.0198	 0.9690	 0.0387	 0.0000	 Time:632.4868

Dataset:Caltech101-7	 0.1877	 0.1345	 0.2027	 0.0872	 0.3440	 0.1391	 0.0324	 Time:14.1761

Dataset:Caltech101-7	 0.1877	 0.1345	 0.2027	 0.0872	 0.3440	 0.1391	 0.0324	 Time:29.2167

Dataset:Caltech101-7	 0.1877	 0.1345	 0.2027	 0.0872	 0.3440	 0.1391	 0.0324	 Time:58.8378

Dataset:Caltech101-7	 0.1877	 0.1345	 0.2027	 0.0872	 0.3440	 0.1391	 0.0324	 Time:119.4774

Dataset:Caltech101-7	 0.1641	 0.1179	 0.1768	 0.0883	 0.4327	 0.1467	 0.0360	 Time:7.9820

Dataset:Caltech101-7	 0.1641	 0.1179	 0.1768	 0.0883	 0.4327	 0.1467	 0.0360	 Time:7.6008

Dataset:Caltech101-7	 0.1641	 0.1179	 0.1768	 0.0883	 0.4327	 0.1467	 0.0360	 Time:7.6732

Dataset:Caltech101-7	 0.1556	 0.1096	 0.1744	 0.0850	 0.3861	 0.1394	 0.0295	 Time:7.9916

Dataset:Caltech101-7	 0.1877	 0.1345	 0.2027	 0.0872	 0.3440	 0.1391	 0.0324	 Time:7.0212

Dataset:Caltech101-7	 0.1877	 0.1345	 0.2027	 0.0872	 0.3440	 0.1391	 0.0324	 Time:7.6586

Dataset:Caltech101-7	 0.1877	 0.1345	 0.2027	 0.0872	 0.3440	 0.1391	 0.0324	 Time:7.1148

Dataset:Caltech101-7	 0.1877	 0.1345	 0.2027	 0.0872	 0.3440	 0.1391	 0.0324	 Time:7.3109

Dataset:Caltech101-7	 0.1556	 0.1096	 0.1744	 0.0850	 0.3861	 0.1394	 0.0295	 Time:7.5593

Dataset:Caltech101-7	 0.1877	 0.1345	 0.2027	 0.0872	 0.3440	 0.1391	 0.0324	 Time:6.9608

Dataset:Caltech101-7	 0.1877	 0.1345	 0.2027	 0.0872	 0.3440	 0.1391	 0.0324	 Time:7.9619

Dataset:Caltech101-7	 0.1877	 0.1345	 0.2027	 0.0872	 0.3440	 0.1391	 0.0324	 Time:7.2505

Dataset:Caltech101-7	 0.1050	 0.0291	 0.1129	 0.0833	 0.8968	 0.1524	 0.0007	 Time:3.3484

Dataset:Caltech101-7	 0.0971	 0.0172	 0.0992	 0.0830	 0.9416	 0.1526	 0.0001	 Time:3.6319

Dataset:Caltech101-7	 0.1212	 0.0385	 0.1225	 0.0853	 0.9431	 0.1564	 0.0050	 Time:6.3488

Dataset:Caltech101-7	 0.1133	 0.0315	 0.1154	 0.0843	 0.9483	 0.1549	 0.0030	 Time:5.4986

Dataset:Caltech101-7	 0.1179	 0.0354	 0.1200	 0.0850	 0.9418	 0.1559	 0.0045	 Time:5.7277

Dataset:Caltech101-7	 0.1163	 0.0333	 0.1221	 0.0842	 0.8847	 0.1537	 0.0026	 Time:4.9286

Dataset:Caltech101-7	 0.0272	 0.0123	 0.0323	 0.0198	 0.9758	 0.0387	 0.0000	 Time:13.4527

Dataset:Caltech101-7	 0.0272	 0.0123	 0.0323	 0.0198	 0.9758	 0.0387	 0.0000	 Time:13.2615

Dataset:Caltech101-7	 0.0270	 0.0129	 0.0323	 0.0198	 0.9738	 0.0387	 0.0000	 Time:22.8857

Dataset:Caltech101-7	 0.0283	 0.0131	 0.0325	 0.0198	 0.9732	 0.0387	 0.0000	 Time:40.1437

Dataset:Caltech101-7	 0.0267	 0.0129	 0.0323	 0.0198	 0.9737	 0.0387	 0.0000	 Time:62.0628

Dataset:Caltech101-7	 0.0278	 0.0132	 0.0325	 0.0198	 0.9732	 0.0387	 0.0000	 Time:97.7724

Dataset:Caltech101-7	 0.0272	 0.0137	 0.0325	 0.0198	 0.9719	 0.0387	 0.0000	 Time:152.9339

Dataset:Caltech101-7	 0.0283	 0.0146	 0.0333	 0.0198	 0.9699	 0.0387	 0.0000	 Time:234.3386

Dataset:Caltech101-7	 0.0272	 0.0146	 0.0328	 0.0198	 0.9695	 0.0387	 0.0000	 Time:331.9751

Dataset:Caltech101-7	 0.0278	 0.0145	 0.0328	 0.0198	 0.9695	 0.0387	 0.0000	 Time:460.3901

Dataset:Caltech101-7	 0.0293	 0.0151	 0.0338	 0.0198	 0.9690	 0.0387	 0.0000	 Time:622.1394

Dataset:Caltech101-7	 0.0423	 0.0435	 0.0490	 0.0230	 0.5919	 0.0442	 0.0064	 Time:12.5272

Dataset:Caltech101-7	 0.0272	 0.0127	 0.0323	 0.0198	 0.9742	 0.0387	 0.0000	 Time:11.4880

Dataset:Caltech101-7	 0.0305	 0.0207	 0.0367	 0.0199	 0.9451	 0.0389	 0.0002	 Time:10.9370

Dataset:Caltech101-7	 0.0365	 0.0332	 0.0413	 0.0199	 0.7671	 0.0387	 0.0002	 Time:14.7842

Dataset:Caltech101-7	 0.0290	 0.0182	 0.0352	 0.0198	 0.9565	 0.0388	 0.0001	 Time:10.5667

Dataset:Caltech101-7	 0.0295	 0.0186	 0.0355	 0.0198	 0.9558	 0.0388	 0.0001	 Time:10.7247

Dataset:Caltech101-7	 0.1179	 0.0354	 0.1200	 0.0850	 0.9418	 0.1559	 0.0045	 Time:7.2014

Dataset:Caltech101-7	 0.1338	 0.0474	 0.1388	 0.0838	 0.7965	 0.1517	 0.0019	 Time:240.1780

Dataset:Caltech101-7	 0.1421	 0.0549	 0.1471	 0.0845	 0.7912	 0.1527	 0.0033	 Time:1466.5198

Dataset:Caltech101-7	 0.1421	 0.0549	 0.1475	 0.0844	 0.7838	 0.1524	 0.0031	 Time:5478.6806

Dataset:Caltech101-7	 0.1283	 0.0427	 0.1292	 0.0863	 0.9318	 0.1580	 0.0072	 Time:10.4648

Dataset:Caltech101-7	 0.0921	 0.0111	 0.0942	 0.0830	 0.9786	 0.1531	 0.0002	 Time:25.6493

Dataset:Caltech101-7	 0.0933	 0.0123	 0.0950	 0.0830	 0.9742	 0.1530	 0.0001	 Time:37.6806

Dataset:Caltech101-7	 0.0925	 0.0120	 0.0946	 0.0830	 0.9743	 0.1530	 0.0001	 Time:52.3904

Dataset:Caltech101-7	 0.1046	 0.0211	 0.1079	 0.0833	 0.9362	 0.1530	 0.0007	 Time:90.7437

Dataset:Caltech101-7	 0.1083	 0.0232	 0.1104	 0.0833	 0.9228	 0.1528	 0.0008	 Time:113.1140

Dataset:Caltech101-7	 0.1150	 0.0298	 0.1179	 0.0834	 0.8997	 0.1527	 0.0010	 Time:163.5485

Dataset:Caltech101-7	 0.1200	 0.0329	 0.1217	 0.0835	 0.8729	 0.1525	 0.0013	 Time:229.5782

Dataset:Caltech101-7	 0.1338	 0.0474	 0.1388	 0.0838	 0.7965	 0.1517	 0.0019	 Time:297.3057

Dataset:Caltech101-7	 0.0908	 0.0109	 0.0942	 0.0830	 0.9768	 0.1530	 0.0001	 Time:14.0683

Dataset:Caltech101-7	 0.0272	 0.0123	 0.0323	 0.0198	 0.9758	 0.0387	 0.0000	 Time:13.0618

Dataset:Caltech101-7	 0.0270	 0.0129	 0.0323	 0.0198	 0.9738	 0.0387	 0.0000	 Time:22.5400

Dataset:Caltech101-7	 0.0283	 0.0131	 0.0325	 0.0198	 0.9732	 0.0387	 0.0000	 Time:41.2111

Dataset:Caltech101-7	 0.0267	 0.0129	 0.0323	 0.0198	 0.9737	 0.0387	 0.0000	 Time:64.2429

Dataset:Caltech101-7	 0.0278	 0.0132	 0.0325	 0.0198	 0.9732	 0.0387	 0.0000	 Time:99.9531

Dataset:Caltech101-7	 0.0272	 0.0137	 0.0325	 0.0198	 0.9719	 0.0387	 0.0000	 Time:155.8023

Dataset:Caltech101-7	 0.0283	 0.0146	 0.0333	 0.0198	 0.9699	 0.0387	 0.0000	 Time:221.5231

Dataset:Caltech101-7	 0.0272	 0.0146	 0.0328	 0.0198	 0.9695	 0.0387	 0.0000	 Time:316.0708

Dataset:Caltech101-7	 0.0278	 0.0145	 0.0328	 0.0198	 0.9695	 0.0387	 0.0000	 Time:435.2521

Dataset:Caltech101-7	 0.0272	 0.0123	 0.0323	 0.0198	 0.9758	 0.0387	 0.0000	 Time:12.8658

Dataset:Caltech101-7	 0.0270	 0.0129	 0.0323	 0.0198	 0.9738	 0.0387	 0.0000	 Time:22.1098

Dataset:Caltech101-7	 0.0283	 0.0131	 0.0325	 0.0198	 0.9732	 0.0387	 0.0000	 Time:39.5712

Dataset:Caltech101-7	 0.0267	 0.0129	 0.0323	 0.0198	 0.9737	 0.0387	 0.0000	 Time:60.0536

Dataset:Caltech101-7	 0.0278	 0.0132	 0.0325	 0.0198	 0.9732	 0.0387	 0.0000	 Time:92.1762

Dataset:Caltech101-7	 0.0272	 0.0137	 0.0325	 0.0198	 0.9719	 0.0387	 0.0000	 Time:146.7962

Dataset:Caltech101-7	 0.0283	 0.0146	 0.0333	 0.0198	 0.9699	 0.0387	 0.0000	 Time:223.4826

Dataset:Caltech101-7	 0.0272	 0.0146	 0.0328	 0.0198	 0.9695	 0.0387	 0.0000	 Time:329.5770

Dataset:Caltech101-7	 0.0278	 0.0145	 0.0328	 0.0198	 0.9695	 0.0387	 0.0000	 Time:474.6015

Dataset:Caltech101-7	 0.0293	 0.0151	 0.0338	 0.0198	 0.9690	 0.0387	 0.0000	 Time:598.4508

Dataset:Caltech101-7	 0.6452	 0.5142	 0.8501	 0.6813	 0.6006	 0.6384	 0.4340	 Time:4.7654

Dataset:Caltech101-7	 0.5455	 0.4851	 0.8440	 0.8265	 0.4579	 0.5893	 0.4337	 Time:6.4912

Dataset:Caltech101-7	 0.5380	 0.4961	 0.8351	 0.7340	 0.4707	 0.5736	 0.3898	 Time:8.4443

Dataset:Caltech101-7	 0.6472	 0.5484	 0.8453	 0.6730	 0.6041	 0.6367	 0.4282	 Time:11.7892

Dataset:Caltech101-7	 0.6526	 0.5553	 0.8528	 0.6696	 0.6146	 0.6409	 0.4309	 Time:16.1972

Dataset:Caltech101-7	 0.6554	 0.5547	 0.8514	 0.6632	 0.6071	 0.6339	 0.4204	 Time:19.0929

Dataset:Caltech101-7	 0.6567	 0.5611	 0.8528	 0.6654	 0.6077	 0.6353	 0.4229	 Time:25.9738

Dataset:Caltech101-7	 0.6554	 0.5649	 0.8528	 0.6649	 0.6065	 0.6344	 0.4217	 Time:35.0276

Dataset:Caltech101-7	 0.6398	 0.5480	 0.8487	 0.6616	 0.5991	 0.6288	 0.4141	 Time:44.3384

Dataset:Caltech101-7	 0.6472	 0.5445	 0.8487	 0.6573	 0.5978	 0.6262	 0.4093	 Time:55.9692

Dataset:Caltech101-7	 0.4929	 0.4670	 0.6773	 0.4079	 0.4751	 0.4390	 0.3199	 Time:8.9319

Dataset:Caltech101-7	 0.5180	 0.5364	 0.6974	 0.4023	 0.4449	 0.4225	 0.3035	 Time:14.8916

Dataset:Caltech101-7	 0.5272	 0.4817	 0.6899	 0.2912	 0.4745	 0.3609	 0.1995	 Time:21.7830

Dataset:Caltech101-7	 0.5210	 0.4054	 0.6257	 0.2653	 0.6341	 0.3741	 0.1877	 Time:36.2084

Dataset:Caltech101-7	 0.6018	 0.4872	 0.7008	 0.3279	 0.6387	 0.4333	 0.2781	 Time:49.4480

Dataset:Caltech101-7	 0.5721	 0.5145	 0.7100	 0.3378	 0.5798	 0.4269	 0.2785	 Time:77.5092

Dataset:Caltech101-7	 0.5675	 0.5055	 0.7020	 0.3267	 0.5744	 0.4165	 0.2638	 Time:100.6004

Dataset:Caltech101-7	 0.6002	 0.4876	 0.6999	 0.3228	 0.6542	 0.4323	 0.2741	 Time:147.0760

Dataset:Caltech101-7	 0.6073	 0.5029	 0.7079	 0.3312	 0.6534	 0.4396	 0.2852	 Time:199.9518

Dataset:Caltech101-7	 0.5096	 0.5697	 0.7066	 0.3734	 0.4669	 0.4149	 0.2858	 Time:264.0406

Dataset:Caltech101-7	 0.0272	 0.0123	 0.0323	 0.0198	 0.9758	 0.0387	 0.0000	 Time:14.1613

Dataset:Caltech101-7	 0.0270	 0.0129	 0.0323	 0.0198	 0.9738	 0.0387	 0.0000	 Time:23.1502

Dataset:Caltech101-7	 0.0365	 0.0332	 0.0413	 0.0199	 0.7671	 0.0387	 0.0002	 Time:13.0073

Dataset:Caltech101-7	 0.0365	 0.0332	 0.0413	 0.0199	 0.7671	 0.0387	 0.0002	 Time:12.7269

Dataset:Caltech101-7	 0.0423	 0.0435	 0.0490	 0.0230	 0.5919	 0.0442	 0.0064	 Time:12.6441

Dataset:Caltech101-7	 0.0272	 0.0127	 0.0323	 0.0198	 0.9742	 0.0387	 0.0000	 Time:11.4386

Dataset:Caltech101-7	 0.0290	 0.0182	 0.0352	 0.0198	 0.9565	 0.0388	 0.0001	 Time:10.4088

Dataset:Caltech101-7	 0.0302	 0.0197	 0.0355	 0.0198	 0.9490	 0.0387	 0.0000	 Time:10.0595

Dataset:Caltech101-7	 0.0290	 0.0192	 0.0352	 0.0198	 0.9516	 0.0388	 0.0001	 Time:11.4717

Dataset:Caltech101-7	 0.0345	 0.0265	 0.0400	 0.0200	 0.9316	 0.0392	 0.0005	 Time:13.7098

Dataset:NICO	 0.1015	 0.0050	 0.1025	 0.1814	 0.0998	 0.9950	 0.0000	 Time:29.0004

Dataset:NICO	 0.1407	 0.0176	 0.1415	 0.1243	 0.1042	 0.1540	 0.0061	 Time:21.9865

Dataset:NICO	 0.1373	 0.0164	 0.1412	 0.1081	 0.1045	 0.1120	 0.0054	 Time:21.3898

Dataset:NICO	 0.1315	 0.0156	 0.1383	 0.1109	 0.1037	 0.1191	 0.0047	 Time:24.0419

Dataset:NICO	 0.1098	 0.0095	 0.1105	 0.1804	 0.0999	 0.9308	 0.0002	 Time:23.6880

Dataset:NICO	 0.1072	 0.0087	 0.1082	 0.1802	 0.0998	 0.9276	 0.0001	 Time:23.3654

Dataset:NICO	 0.1015	 0.0045	 0.1022	 0.1814	 0.0998	 0.9955	 0.0000	 Time:21.2101

Dataset:NICO	 0.1020	 0.0051	 0.1025	 0.1814	 0.0998	 0.9945	 0.0000	 Time:23.5414

Dataset:NICO	 0.1020	 0.0055	 0.1027	 0.1813	 0.0998	 0.9940	 0.0000	 Time:25.3219

Dataset:NICO	 0.1020	 0.0054	 0.1027	 0.1814	 0.0998	 0.9945	 0.0000	 Time:25.8040

Dataset:NICO	 0.1015	 0.0050	 0.1025	 0.1814	 0.0998	 0.9950	 0.0000	 Time:26.9888

Dataset:NICO	 0.1293	 0.0319	 0.1348	 0.1745	 0.1004	 0.6636	 0.0014	 Time:16.4266

Dataset:NICO	 0.1247	 0.0206	 0.1273	 0.1743	 0.1004	 0.6591	 0.0013	 Time:17.2132

Dataset:NICO	 0.1205	 0.0201	 0.1220	 0.1776	 0.1003	 0.7751	 0.0012	 Time:17.0325

Dataset:NICO	 0.1242	 0.0269	 0.1263	 0.1764	 0.1002	 0.7397	 0.0008	 Time:18.5660

Dataset:NICO	 0.1353	 0.0162	 0.1360	 0.1288	 0.1032	 0.1711	 0.0049	 Time:20.3389

Dataset:NICO	 0.1333	 0.0176	 0.1348	 0.1393	 0.1032	 0.2142	 0.0054	 Time:20.8756

Dataset:NICO	 0.1365	 0.0179	 0.1383	 0.1281	 0.1034	 0.1683	 0.0051	 Time:20.8760

Dataset:NICO	 0.1407	 0.0176	 0.1415	 0.1243	 0.1042	 0.1540	 0.0061	 Time:21.7931

Dataset:NICO	 0.1358	 0.0163	 0.1378	 0.1249	 0.1032	 0.1580	 0.0048	 Time:21.2442

Dataset:NICO	 0.1335	 0.0163	 0.1388	 0.1136	 0.1046	 0.1242	 0.0059	 Time:21.4576

Dataset:NICO	 0.1158	 0.0138	 0.1168	 0.1788	 0.1001	 0.8353	 0.0007	 Time:20.5917

Dataset:NICO	 0.1017	 0.0060	 0.1030	 0.1813	 0.0998	 0.9935	 0.0000	 Time:18.8684

Dataset:NICO	 0.1017	 0.0054	 0.1027	 0.1814	 0.0998	 0.9945	 0.0000	 Time:18.6417

Dataset:NICO	 0.1017	 0.0054	 0.1027	 0.1814	 0.0998	 0.9945	 0.0000	 Time:18.9241

Dataset:NICO	 0.1017	 0.0054	 0.1027	 0.1814	 0.0998	 0.9945	 0.0000	 Time:20.5320

Dataset:NICO	 0.1017	 0.0050	 0.1025	 0.1814	 0.0998	 0.9950	 0.0000	 Time:19.5929

Dataset:NICO	 0.1017	 0.0055	 0.1027	 0.1813	 0.0998	 0.9940	 0.0000	 Time:24.1196

Dataset:NICO	 0.1017	 0.0050	 0.1025	 0.1814	 0.0998	 0.9950	 0.0000	 Time:21.4301

Dataset:NICO	 0.1368	 0.0322	 0.1378	 0.1733	 0.1012	 0.6016	 0.0030	 Time:17.4828

Dataset:NICO	 0.1530	 0.0466	 0.1542	 0.1789	 0.1050	 0.6041	 0.0107	 Time:16.4084

Dataset:NICO	 0.1495	 0.0507	 0.1563	 0.1813	 0.1069	 0.5968	 0.0145	 Time:17.2632

Dataset:NICO	 0.1192	 0.0254	 0.1200	 0.1799	 0.1001	 0.8836	 0.0008	 Time:17.7663

Dataset:NICO	 0.1360	 0.0190	 0.1385	 0.1384	 0.1040	 0.2068	 0.0065	 Time:18.4234

Dataset:NICO	 0.1340	 0.0171	 0.1370	 0.1319	 0.1035	 0.1815	 0.0055	 Time:20.3518

Dataset:NICO	 0.1348	 0.0163	 0.1378	 0.1288	 0.1035	 0.1704	 0.0053	 Time:20.1992

Dataset:NICO	 0.1358	 0.0163	 0.1378	 0.1249	 0.1032	 0.1580	 0.0048	 Time:20.8755

Dataset:NICO	 0.1273	 0.0351	 0.1325	 0.1749	 0.1003	 0.6799	 0.0012	 Time:14.8000

Dataset:NICO	 0.1195	 0.0235	 0.1210	 0.1749	 0.1002	 0.6871	 0.0009	 Time:15.6607

Dataset:NICO	 0.1143	 0.0186	 0.1165	 0.1787	 0.0999	 0.8452	 0.0002	 Time:16.0763

Dataset:NICO	 0.1385	 0.0209	 0.1400	 0.1483	 0.1035	 0.2615	 0.0063	 Time:19.6174

Dataset:NICO	 0.1118	 0.0203	 0.1125	 0.1791	 0.0998	 0.8680	 0.0001	 Time:17.7588

Dataset:NICO	 0.1168	 0.0219	 0.1172	 0.1785	 0.1000	 0.8317	 0.0005	 Time:19.7836

Dataset:NICO	 0.1388	 0.0180	 0.1400	 0.1290	 0.1038	 0.1703	 0.0057	 Time:20.1952

Dataset:NICO	 0.1300	 0.0162	 0.1365	 0.1285	 0.1034	 0.1696	 0.0051	 Time:20.8400

Dataset:NICO	 0.1300	 0.0162	 0.1365	 0.1285	 0.1034	 0.1696	 0.0051	 Time:20.9939

Dataset:NICO	 0.1350	 0.0166	 0.1405	 0.1170	 0.1032	 0.1349	 0.0044	 Time:21.5302

Dataset:NICO	 0.1110	 0.0117	 0.1120	 0.1798	 0.0999	 0.8967	 0.0003	 Time:22.4987

Dataset:NICO	 0.1095	 0.0109	 0.1105	 0.1801	 0.0999	 0.9130	 0.0003	 Time:23.3417

Dataset:NICO	 0.1103	 0.0122	 0.1110	 0.1802	 0.0999	 0.9187	 0.0003	 Time:27.1273

Dataset:NICO	 0.1015	 0.0050	 0.1025	 0.1814	 0.0998	 0.9950	 0.0000	 Time:24.8039

Dataset:NICO	 0.1013	 0.0055	 0.1027	 0.1814	 0.0998	 0.9945	 0.0000	 Time:28.8195

Dataset:NICO	 0.1015	 0.0059	 0.1030	 0.1814	 0.0998	 0.9940	 0.0000	 Time:21.4499

Dataset:NICO	 0.1020	 0.0059	 0.1030	 0.1813	 0.0998	 0.9940	 0.0000	 Time:20.8394

Dataset:NICO	 0.1017	 0.0059	 0.1030	 0.1814	 0.0998	 0.9940	 0.0000	 Time:24.8179

Dataset:NICO	 0.1355	 0.0321	 0.1395	 0.1669	 0.1012	 0.4774	 0.0027	 Time:14.9000

Dataset:NICO	 0.1378	 0.0237	 0.1405	 0.1639	 0.1015	 0.4253	 0.0033	 Time:14.5975

Dataset:NICO	 0.1457	 0.0299	 0.1527	 0.1601	 0.1037	 0.3505	 0.0072	 Time:15.3520

Dataset:NICO	 0.1663	 0.0371	 0.1685	 0.1590	 0.1095	 0.2902	 0.0165	 Time:14.6737

Dataset:NICO	 0.1455	 0.0425	 0.1535	 0.1573	 0.1035	 0.3276	 0.0066	 Time:13.0611

Dataset:NICO	 0.1412	 0.0299	 0.1447	 0.1683	 0.1014	 0.4939	 0.0032	 Time:13.9915

Dataset:NICO	 0.1447	 0.0254	 0.1475	 0.1566	 0.1034	 0.3224	 0.0065	 Time:13.1502

Dataset:NICO	 0.1330	 0.0199	 0.1365	 0.1603	 0.1013	 0.3840	 0.0029	 Time:10.5619

Dataset:NICO	 0.1663	 0.0371	 0.1685	 0.1590	 0.1095	 0.2902	 0.0165	 Time:14.7168

Dataset:Digits-DG	 0.1605	 0.0599	 0.1640	 0.1727	 0.1043	 0.5018	 0.0088	 Time:17.5891

Dataset:Digits-DG	 0.1483	 0.0568	 0.1548	 0.1719	 0.1025	 0.5325	 0.0053	 Time:18.4615

Dataset:Digits-DG	 0.1395	 0.0472	 0.1437	 0.1649	 0.1009	 0.4496	 0.0021	 Time:21.5113

Dataset:Digits-DG	 0.1290	 0.0436	 0.1373	 0.1654	 0.1007	 0.4631	 0.0017	 Time:22.6742

Dataset:Digits-DG	 0.1547	 0.0543	 0.1570	 0.1632	 0.1037	 0.3832	 0.0071	 Time:24.5545

Dataset:Digits-DG	 0.1390	 0.0394	 0.1395	 0.1547	 0.1023	 0.3178	 0.0043	 Time:26.6611

Dataset:Digits-DG	 0.1473	 0.0635	 0.1477	 0.1665	 0.1010	 0.4739	 0.0022	 Time:28.1757

Dataset:Digits-DG	 0.1788	 0.0822	 0.1807	 0.1590	 0.1078	 0.3032	 0.0137	 Time:28.3915

Dataset:Digits-DG	 0.1660	 0.0602	 0.1698	 0.1480	 0.1079	 0.2358	 0.0127	 Time:29.3667

Dataset:Digits-DG	 0.1725	 0.0844	 0.1728	 0.1735	 0.1045	 0.5110	 0.0093	 Time:31.3993

Dataset:NICO	 0.1663	 0.0371	 0.1685	 0.1590	 0.1095	 0.2902	 0.0165	 Time:14.7410

Dataset:NICO	 0.1345	 0.0281	 0.1358	 0.1714	 0.1010	 0.5640	 0.0026	 Time:13.5819

Dataset:NICO	 0.1240	 0.0277	 0.1255	 0.1758	 0.1001	 0.7184	 0.0007	 Time:13.7797

Dataset:NICO	 0.1222	 0.0321	 0.1263	 0.1767	 0.1003	 0.7425	 0.0011	 Time:14.9568

Dataset:NICO	 0.1212	 0.0301	 0.1237	 0.1778	 0.1002	 0.7901	 0.0008	 Time:15.7867

Dataset:NICO	 0.1270	 0.0362	 0.1275	 0.1775	 0.1004	 0.7650	 0.0013	 Time:15.8083

Dataset:NICO	 0.1165	 0.0230	 0.1187	 0.1799	 0.1000	 0.8957	 0.0005	 Time:16.1597

Dataset:NICO	 0.1210	 0.0330	 0.1235	 0.1789	 0.1001	 0.8401	 0.0008	 Time:17.7720

Dataset:NICO	 0.1427	 0.0472	 0.1445	 0.1791	 0.1025	 0.7086	 0.0058	 Time:18.1812

Dataset:NICO	 0.1148	 0.0166	 0.1158	 0.1785	 0.0999	 0.8385	 0.0002	 Time:18.8109

Dataset:NICO	 0.1407	 0.0293	 0.1415	 0.1762	 0.1025	 0.6269	 0.0057	 Time:18.2166

Dataset:NICO	 0.1472	 0.0585	 0.1487	 0.1810	 0.1036	 0.7160	 0.0081	 Time:17.9662

Dataset:NICO	 0.1153	 0.0258	 0.1165	 0.1801	 0.1001	 0.8993	 0.0007	 Time:16.2358

Dataset:NICO	 0.1192	 0.0286	 0.1210	 0.1798	 0.1002	 0.8713	 0.0010	 Time:18.0361

Dataset:NICO	 0.1462	 0.0553	 0.1472	 0.1802	 0.1034	 0.6988	 0.0077	 Time:19.8876

Dataset:NICO	 0.1487	 0.0566	 0.1497	 0.1811	 0.1041	 0.6961	 0.0091	 Time:21.1359

Dataset:NICO	 0.1100	 0.0167	 0.1105	 0.1804	 0.0999	 0.9336	 0.0002	 Time:17.6514

Dataset:NICO	 0.1527	 0.0450	 0.1537	 0.1800	 0.1055	 0.6121	 0.0117	 Time:22.9117

Dataset:NICO	 0.1040	 0.0101	 0.1050	 0.1810	 0.0998	 0.9699	 0.0000	 Time:18.3298

Dataset:NICO	 0.1145	 0.0154	 0.1155	 0.1795	 0.1000	 0.8767	 0.0005	 Time:18.9155

Dataset:NICO	 0.1308	 0.0182	 0.1335	 0.1479	 0.1028	 0.2633	 0.0051	 Time:20.2050

Dataset:NICO	 0.1373	 0.0173	 0.1388	 0.1329	 0.1030	 0.1875	 0.0047	 Time:19.6343

Dataset:NICO	 0.1368	 0.0177	 0.1375	 0.1321	 0.1034	 0.1830	 0.0053	 Time:19.3300

Dataset:NICO	 0.1070	 0.0086	 0.1075	 0.1802	 0.0998	 0.9251	 0.0001	 Time:23.7615

Dataset:NICO	 0.1380	 0.0176	 0.1393	 0.1330	 0.1034	 0.1864	 0.0053	 Time:21.8194

Dataset:NICO	 0.1390	 0.0179	 0.1405	 0.1329	 0.1035	 0.1855	 0.0055	 Time:23.5936

Dataset:NICO	 0.1390	 0.0181	 0.1405	 0.1329	 0.1036	 0.1851	 0.0056	 Time:21.7145

Dataset:NICO	 0.1388	 0.0179	 0.1407	 0.1326	 0.1036	 0.1844	 0.0056	 Time:22.1350

Dataset:NICO	 0.1345	 0.0167	 0.1353	 0.1470	 0.1029	 0.2568	 0.0052	 Time:26.4704

Dataset:NICO	 0.1353	 0.0180	 0.1373	 0.1349	 0.1035	 0.1937	 0.0056	 Time:22.8656

Dataset:NICO	 0.1363	 0.0170	 0.1378	 0.1241	 0.1038	 0.1543	 0.0054	 Time:23.9373

Dataset:NICO	 0.1370	 0.0166	 0.1393	 0.1242	 0.1037	 0.1549	 0.0053	 Time:40.6329

Dataset:NICO	 0.1370	 0.0168	 0.1378	 0.1240	 0.1036	 0.1546	 0.0052	 Time:25.9984

Dataset:NICO	 0.1335	 0.0161	 0.1355	 0.1367	 0.1035	 0.2010	 0.0057	 Time:22.2995

Dataset:NICO	 0.1358	 0.0169	 0.1373	 0.1222	 0.1038	 0.1483	 0.0054	 Time:22.8259

Dataset:NICO	 0.1283	 0.0289	 0.1293	 0.1785	 0.1008	 0.7780	 0.0022	 Time:24.3311

Dataset:NICO	 0.1350	 0.0163	 0.1365	 0.1218	 0.1038	 0.1473	 0.0053	 Time:26.1206

Dataset:NICO	 0.1345	 0.0163	 0.1360	 0.1220	 0.1038	 0.1478	 0.0054	 Time:23.3310

Dataset:NICO	 0.1042	 0.0080	 0.1050	 0.1810	 0.0998	 0.9709	 0.0000	 Time:23.8265

Dataset:NICO	 0.1370	 0.0171	 0.1385	 0.1229	 0.1039	 0.1503	 0.0056	 Time:23.8166

Dataset:NICO	 0.1368	 0.0167	 0.1383	 0.1215	 0.1042	 0.1458	 0.0058	 Time:23.8670

Dataset:NICO	 0.1348	 0.0167	 0.1368	 0.1291	 0.1035	 0.1714	 0.0053	 Time:23.5142

Dataset:NICO	 0.1052	 0.0090	 0.1057	 0.1808	 0.0998	 0.9607	 0.0000	 Time:25.1982

Dataset:NICO	 0.1373	 0.0166	 0.1385	 0.1293	 0.1035	 0.1721	 0.0053	 Time:23.7449

Dataset:NICO	 0.1375	 0.0167	 0.1383	 0.1297	 0.1034	 0.1737	 0.0053	 Time:23.5732

Dataset:NICO	 0.1400	 0.0169	 0.1410	 0.1150	 0.1049	 0.1273	 0.0063	 Time:28.1532

Dataset:NICO	 0.1400	 0.0166	 0.1412	 0.1151	 0.1048	 0.1276	 0.0062	 Time:35.4987

Dataset:NICO	 0.1395	 0.0163	 0.1410	 0.1152	 0.1047	 0.1280	 0.0061	 Time:32.9946

Dataset:NICO	 0.1385	 0.0164	 0.1400	 0.1157	 0.1048	 0.1291	 0.0062	 Time:31.5578

Dataset:NICO	 0.1370	 0.0161	 0.1393	 0.1159	 0.1046	 0.1299	 0.0061	 Time:32.4819

Dataset:NICO	 0.1400	 0.0165	 0.1410	 0.1174	 0.1046	 0.1338	 0.0060	 Time:34.6875

Dataset:NICO	 0.1388	 0.0162	 0.1405	 0.1168	 0.1046	 0.1321	 0.0061	 Time:38.0431

Dataset:NICO	 0.1405	 0.0170	 0.1422	 0.1179	 0.1047	 0.1350	 0.0062	 Time:30.4513

Dataset:NICO	 0.1403	 0.0168	 0.1422	 0.1166	 0.1048	 0.1314	 0.0063	 Time:21.4301

Dataset:NICO	 0.1393	 0.0163	 0.1412	 0.1168	 0.1046	 0.1322	 0.0060	 Time:21.4394

Dataset:NICO	 0.1405	 0.0183	 0.1455	 0.1152	 0.1050	 0.1277	 0.0064	 Time:22.3562

Dataset:NICO	 0.1407	 0.0183	 0.1447	 0.1154	 0.1050	 0.1281	 0.0064	 Time:23.7328

Dataset:NICO	 0.1400	 0.0183	 0.1442	 0.1158	 0.1049	 0.1292	 0.0064	 Time:21.4131

Dataset:NICO	 0.1383	 0.0163	 0.1417	 0.1089	 0.1041	 0.1142	 0.0051	 Time:24.0452

Dataset:NICO	 0.1373	 0.0161	 0.1412	 0.1073	 0.1042	 0.1106	 0.0051	 Time:23.3801

Dataset:NICO	 0.1383	 0.0161	 0.1410	 0.1072	 0.1042	 0.1104	 0.0051	 Time:22.8459

Dataset:NICO	 0.1373	 0.0158	 0.1403	 0.1071	 0.1041	 0.1102	 0.0050	 Time:27.0935

Dataset:NICO	 0.1368	 0.0158	 0.1403	 0.1071	 0.1041	 0.1102	 0.0050	 Time:23.6677

Dataset:NICO	 0.1365	 0.0158	 0.1403	 0.1071	 0.1041	 0.1102	 0.0050	 Time:22.1721

Dataset:NICO	 0.1363	 0.0159	 0.1403	 0.1073	 0.1042	 0.1105	 0.0051	 Time:22.4076

Dataset:NICO	 0.1360	 0.0157	 0.1400	 0.1073	 0.1042	 0.1106	 0.0050	 Time:29.4755

Dataset:NICO	 0.1373	 0.0161	 0.1415	 0.1078	 0.1043	 0.1117	 0.0052	 Time:27.2731

Dataset:NICO	 0.1375	 0.0161	 0.1415	 0.1078	 0.1042	 0.1115	 0.0051	 Time:25.1162

Dataset:NICO	 0.1380	 0.0160	 0.1420	 0.1077	 0.1042	 0.1115	 0.0051	 Time:24.7182

Dataset:NICO	 0.1365	 0.0165	 0.1407	 0.1225	 0.1034	 0.1502	 0.0049	 Time:29.4263

Dataset:NICO	 0.1380	 0.0166	 0.1420	 0.1084	 0.1044	 0.1128	 0.0053	 Time:25.9054

Dataset:NICO	 0.1378	 0.0166	 0.1417	 0.1084	 0.1043	 0.1127	 0.0053	 Time:26.7127

Dataset:NICO	 0.1380	 0.0164	 0.1420	 0.1081	 0.1043	 0.1122	 0.0052	 Time:28.6714

Dataset:NICO	 0.1380	 0.0161	 0.1407	 0.1081	 0.1042	 0.1122	 0.0051	 Time:25.6485

Dataset:NICO	 0.1378	 0.0161	 0.1407	 0.1080	 0.1042	 0.1121	 0.0051	 Time:24.0310

Dataset:NICO	 0.1383	 0.0163	 0.1410	 0.1074	 0.1041	 0.1109	 0.0050	 Time:27.9781

Dataset:NICO	 0.1393	 0.0165	 0.1420	 0.1074	 0.1042	 0.1108	 0.0051	 Time:23.6449

Dataset:NICO	 0.1385	 0.0167	 0.1420	 0.1076	 0.1043	 0.1112	 0.0052	 Time:26.3195

Dataset:NICO	 0.1385	 0.0166	 0.1422	 0.1083	 0.1042	 0.1129	 0.0051	 Time:23.9837

Dataset:NICO	 0.1280	 0.0123	 0.1288	 0.1502	 0.1008	 0.2947	 0.0018	 Time:23.2575

Dataset:NICO	 0.1022	 0.0069	 0.1035	 0.1813	 0.0998	 0.9930	 0.0000	 Time:17.2370

Dataset:NICO	 0.1172	 0.0121	 0.1180	 0.1751	 0.1003	 0.6909	 0.0011	 Time:22.0675

Dataset:NICO	 0.1368	 0.0167	 0.1435	 0.1076	 0.1042	 0.1113	 0.0051	 Time:26.0477

Dataset:NICO	 0.1373	 0.0170	 0.1435	 0.1076	 0.1044	 0.1111	 0.0053	 Time:25.8514

Dataset:NICO	 0.1360	 0.0167	 0.1422	 0.1079	 0.1043	 0.1117	 0.0052	 Time:24.6890

Dataset:NICO	 0.1075	 0.0079	 0.1085	 0.1792	 0.0998	 0.8754	 0.0001	 Time:21.5527

Dataset:NICO	 0.1360	 0.0162	 0.1405	 0.1086	 0.1040	 0.1137	 0.0049	 Time:22.7652

Dataset:NICO	 0.1335	 0.0157	 0.1380	 0.1090	 0.1037	 0.1149	 0.0046	 Time:23.1017

Dataset:NICO	 0.1340	 0.0157	 0.1385	 0.1091	 0.1037	 0.1150	 0.0046	 Time:23.8051

Dataset:NICO	 0.1338	 0.0156	 0.1385	 0.1096	 0.1036	 0.1164	 0.0045	 Time:22.5368

Dataset:NICO	 0.1405	 0.0254	 0.1460	 0.1682	 0.1022	 0.4746	 0.0048	 Time:16.3867

Dataset:NICO	 0.1410	 0.0309	 0.1415	 0.1670	 0.1011	 0.4810	 0.0025	 Time:15.5815

Dataset:NICO	 0.1192	 0.0221	 0.1202	 0.1770	 0.0999	 0.7751	 0.0003	 Time:13.7347

Dataset:NICO	 0.1522	 0.0369	 0.1537	 0.1785	 0.1074	 0.5269	 0.0153	 Time:17.7505

Dataset:NICO	 0.1305	 0.0239	 0.1323	 0.1757	 0.1010	 0.6763	 0.0026	 Time:16.9441

Dataset:NICO	 0.1313	 0.0206	 0.1318	 0.1746	 0.1011	 0.6393	 0.0028	 Time:17.5428

Dataset:NICO	 0.1232	 0.0223	 0.1253	 0.1766	 0.1007	 0.7150	 0.0020	 Time:17.5398

Dataset:NICO	 0.1253	 0.0225	 0.1268	 0.1752	 0.1010	 0.6588	 0.0027	 Time:17.0124

Dataset:NICO	 0.1310	 0.0186	 0.1323	 0.1665	 0.1009	 0.4769	 0.0022	 Time:18.1106

Dataset:NICO	 0.1348	 0.0197	 0.1358	 0.1647	 0.1015	 0.4363	 0.0033	 Time:17.4489

Dataset:NICO	 0.1298	 0.0186	 0.1325	 0.1527	 0.1016	 0.3074	 0.0032	 Time:18.2963

Dataset:NICO	 0.1335	 0.0184	 0.1353	 0.1421	 0.1024	 0.2321	 0.0043	 Time:18.4836

Dataset:NICO	 0.1383	 0.0198	 0.1390	 0.1487	 0.1023	 0.2722	 0.0043	 Time:18.8765

Dataset:NICO	 0.1113	 0.0152	 0.1115	 0.1798	 0.0998	 0.9037	 0.0001	 Time:16.8963

Dataset:NICO	 0.1308	 0.0231	 0.1360	 0.1547	 0.1016	 0.3238	 0.0033	 Time:19.5511

Dataset:NICO	 0.1343	 0.0217	 0.1365	 0.1546	 0.1019	 0.3206	 0.0038	 Time:19.0507

Dataset:NICO	 0.1335	 0.0200	 0.1363	 0.1483	 0.1019	 0.2719	 0.0037	 Time:19.7358

Dataset:NICO	 0.1340	 0.0209	 0.1368	 0.1530	 0.1017	 0.3086	 0.0035	 Time:19.7766

Dataset:NICO	 0.1355	 0.0194	 0.1378	 0.1419	 0.1024	 0.2309	 0.0042	 Time:20.2854

Dataset:NICO	 0.1338	 0.0194	 0.1363	 0.1407	 0.1025	 0.2239	 0.0044	 Time:19.7108

Dataset:NICO	 0.1348	 0.0189	 0.1373	 0.1374	 0.1026	 0.2082	 0.0043	 Time:19.9395

Dataset:NICO	 0.1348	 0.0186	 0.1373	 0.1350	 0.1024	 0.1979	 0.0040	 Time:20.2658

Dataset:NICO	 0.1343	 0.0184	 0.1360	 0.1343	 0.1026	 0.1945	 0.0042	 Time:20.2682

Dataset:NICO	 0.1380	 0.0180	 0.1390	 0.1334	 0.1027	 0.1904	 0.0043	 Time:20.3686

Dataset:NICO	 0.1363	 0.0169	 0.1393	 0.1307	 0.1027	 0.1796	 0.0043	 Time:20.8269

Dataset:NICO	 0.1363	 0.0174	 0.1390	 0.1293	 0.1029	 0.1738	 0.0045	 Time:21.1360

Dataset:NICO	 0.1353	 0.0172	 0.1385	 0.1273	 0.1029	 0.1670	 0.0044	 Time:22.0996

Dataset:NICO	 0.1320	 0.0173	 0.1350	 0.1316	 0.1028	 0.1831	 0.0044	 Time:22.2824

Dataset:NICO	 0.1400	 0.0185	 0.1405	 0.1321	 0.1034	 0.1826	 0.0054	 Time:21.5861

Dataset:NICO	 0.1378	 0.0179	 0.1390	 0.1312	 0.1034	 0.1795	 0.0053	 Time:24.2123

Dataset:NICO	 0.1368	 0.0179	 0.1383	 0.1306	 0.1035	 0.1767	 0.0054	 Time:22.2610

Dataset:NICO	 0.1340	 0.0172	 0.1363	 0.1291	 0.1033	 0.1720	 0.0051	 Time:22.7282

Dataset:NICO	 0.1358	 0.0181	 0.1370	 0.1306	 0.1034	 0.1769	 0.0053	 Time:22.2797

Dataset:NICO	 0.1368	 0.0177	 0.1375	 0.1300	 0.1035	 0.1750	 0.0053	 Time:21.9173

Dataset:NICO	 0.1353	 0.0180	 0.1368	 0.1296	 0.1035	 0.1734	 0.0053	 Time:22.4322

Dataset:NICO	 0.1403	 0.0191	 0.1412	 0.1333	 0.1036	 0.1865	 0.0057	 Time:25.0429

Dataset:NICO	 0.1378	 0.0181	 0.1385	 0.1303	 0.1035	 0.1757	 0.0054	 Time:24.5209

Dataset:NICO	 0.1355	 0.0181	 0.1378	 0.1294	 0.1036	 0.1723	 0.0055	 Time:22.6269

Dataset:NICO	 0.1355	 0.0176	 0.1368	 0.1284	 0.1036	 0.1690	 0.0054	 Time:24.1277

Dataset:NICO	 0.1310	 0.0185	 0.1345	 0.1400	 0.1029	 0.2189	 0.0049	 Time:23.6392

Dataset:NICO	 0.1345	 0.0172	 0.1370	 0.1405	 0.1024	 0.2239	 0.0042	 Time:23.3633

Dataset:NICO	 0.1345	 0.0172	 0.1370	 0.1403	 0.1024	 0.2229	 0.0042	 Time:23.6695

Dataset:NICO	 0.1348	 0.0168	 0.1373	 0.1223	 0.1037	 0.1490	 0.0053	 Time:23.2851

Dataset:NICO	 0.1350	 0.0171	 0.1373	 0.1281	 0.1035	 0.1682	 0.0052	 Time:24.1068

Dataset:NICO	 0.1348	 0.0172	 0.1375	 0.1279	 0.1035	 0.1673	 0.0053	 Time:24.4461

Dataset:NICO	 0.1348	 0.0173	 0.1375	 0.1276	 0.1034	 0.1665	 0.0052	 Time:24.5910

Dataset:NICO	 0.1350	 0.0175	 0.1378	 0.1277	 0.1035	 0.1666	 0.0053	 Time:24.5195

Dataset:NICO	 0.1330	 0.0161	 0.1365	 0.1219	 0.1035	 0.1482	 0.0050	 Time:24.6915

Dataset:NICO	 0.1118	 0.0130	 0.1125	 0.1800	 0.0999	 0.9057	 0.0003	 Time:25.1614

Dataset:NICO	 0.1330	 0.0161	 0.1355	 0.1223	 0.1034	 0.1497	 0.0049	 Time:25.2993

Dataset:NICO	 0.1125	 0.0126	 0.1130	 0.1798	 0.0999	 0.8949	 0.0003	 Time:25.1420

Dataset:NICO	 0.1335	 0.0163	 0.1365	 0.1221	 0.1036	 0.1486	 0.0051	 Time:25.9606

Dataset:NICO	 0.1338	 0.0165	 0.1365	 0.1231	 0.1036	 0.1516	 0.0052	 Time:26.9878

Dataset:NICO	 0.1355	 0.0161	 0.1370	 0.1305	 0.1030	 0.1782	 0.0047	 Time:22.0736

Dataset:NICO	 0.1360	 0.0157	 0.1373	 0.1132	 0.1041	 0.1241	 0.0052	 Time:21.5207

Dataset:NICO	 0.1130	 0.0131	 0.1135	 0.1798	 0.0999	 0.8950	 0.0003	 Time:22.0567

Dataset:NICO	 0.1338	 0.0160	 0.1365	 0.1134	 0.1044	 0.1242	 0.0057	 Time:20.7511

Dataset:NICO	 0.1125	 0.0130	 0.1130	 0.1799	 0.0999	 0.8979	 0.0003	 Time:21.0823

Dataset:NICO	 0.1118	 0.0120	 0.1125	 0.1799	 0.0999	 0.8996	 0.0003	 Time:21.1158

Dataset:NICO	 0.1120	 0.0122	 0.1125	 0.1798	 0.0999	 0.8995	 0.0003	 Time:23.4577

Dataset:NICO	 0.1298	 0.0152	 0.1305	 0.1554	 0.1022	 0.3246	 0.0043	 Time:22.9375

Dataset:NICO	 0.1032	 0.0066	 0.1040	 0.1811	 0.0998	 0.9801	 -0.0000	 Time:20.8638

Dataset:NICO	 0.1103	 0.0110	 0.1113	 0.1796	 0.0999	 0.8894	 0.0003	 Time:21.8574

Dataset:NICO	 0.1108	 0.0090	 0.1118	 0.1755	 0.0998	 0.7251	 0.0001	 Time:21.7397

Dataset:NICO	 0.1108	 0.0108	 0.1115	 0.1796	 0.0999	 0.8907	 0.0003	 Time:23.3272

Dataset:NICO	 0.1110	 0.0102	 0.1118	 0.1798	 0.0999	 0.8960	 0.0003	 Time:22.2204

Dataset:NICO	 0.1115	 0.0103	 0.1123	 0.1796	 0.0999	 0.8898	 0.0003	 Time:23.2538

Dataset:NICO	 0.1330	 0.0170	 0.1355	 0.1420	 0.1020	 0.2332	 0.0037	 Time:21.3208

Dataset:NICO	 0.1030	 0.0063	 0.1035	 0.1811	 0.0998	 0.9801	 -0.0000	 Time:21.5889

Dataset:NICO	 0.1118	 0.0105	 0.1125	 0.1797	 0.0999	 0.8907	 0.0003	 Time:25.0619

Dataset:NICO	 0.1120	 0.0108	 0.1123	 0.1797	 0.0999	 0.8916	 0.0003	 Time:21.9904

Dataset:NICO	 0.1120	 0.0105	 0.1123	 0.1798	 0.0999	 0.8991	 0.0003	 Time:22.9509

Dataset:NICO	 0.1110	 0.0101	 0.1113	 0.1800	 0.0999	 0.9107	 0.0002	 Time:21.5822

Dataset:NICO	 0.1365	 0.0173	 0.1400	 0.1244	 0.1040	 0.1549	 0.0057	 Time:21.3677

Dataset:NICO	 0.1320	 0.0166	 0.1365	 0.1216	 0.1038	 0.1468	 0.0054	 Time:21.6831

Dataset:NICO	 0.1323	 0.0165	 0.1365	 0.1217	 0.1038	 0.1471	 0.0054	 Time:21.7679

Dataset:NICO	 0.1207	 0.0160	 0.1212	 0.1766	 0.1003	 0.7390	 0.0010	 Time:22.3341

Dataset:NICO	 0.1090	 0.0089	 0.1098	 0.1786	 0.0998	 0.8479	 0.0001	 Time:22.7243

Dataset:NICO	 0.1192	 0.0156	 0.1202	 0.1766	 0.1002	 0.7437	 0.0010	 Time:22.7989

Dataset:NICO	 0.1290	 0.0168	 0.1295	 0.1631	 0.1012	 0.4190	 0.0028	 Time:22.0054

Dataset:NICO	 0.1330	 0.0157	 0.1385	 0.1282	 0.1035	 0.1683	 0.0052	 Time:22.6787

Dataset:NICO	 0.1042	 0.0076	 0.1050	 0.1804	 0.0998	 0.9380	 -0.0000	 Time:22.2102

Dataset:NICO	 0.1303	 0.0157	 0.1333	 0.1592	 0.1014	 0.3694	 0.0031	 Time:23.3005

Dataset:NICO	 0.1330	 0.0162	 0.1348	 0.1517	 0.1027	 0.2903	 0.0050	 Time:22.3064

Dataset:NICO	 0.1365	 0.0159	 0.1393	 0.1159	 0.1039	 0.1311	 0.0052	 Time:22.8509

Dataset:NICO	 0.1027	 0.0061	 0.1032	 0.1811	 0.0998	 0.9816	 0.0000	 Time:21.8742

Dataset:NICO	 0.1403	 0.0173	 0.1445	 0.1169	 0.1041	 0.1334	 0.0054	 Time:22.0619

Dataset:NICO	 0.1378	 0.0166	 0.1420	 0.1155	 0.1040	 0.1297	 0.0053	 Time:22.4273

Dataset:NICO	 0.1378	 0.0166	 0.1417	 0.1156	 0.1040	 0.1300	 0.0053	 Time:22.6532

Dataset:NICO	 0.1375	 0.0166	 0.1412	 0.1155	 0.1040	 0.1299	 0.0053	 Time:22.8912

Dataset:NICO	 0.1605	 0.0445	 0.1650	 0.1594	 0.1054	 0.3276	 0.0100	 Time:16.5008

Dataset:NICO	 0.1420	 0.0306	 0.1452	 0.1624	 0.1053	 0.3546	 0.0101	 Time:16.5823

Dataset:NICO	 0.1258	 0.0251	 0.1295	 0.1762	 0.1005	 0.7159	 0.0015	 Time:17.9535

Dataset:NICO	 0.1532	 0.0402	 0.1552	 0.1750	 0.1073	 0.4745	 0.0146	 Time:19.5893

Dataset:NICO	 0.1215	 0.0202	 0.1225	 0.1758	 0.1001	 0.7227	 0.0006	 Time:18.2527

Dataset:NICO	 0.1432	 0.0272	 0.1452	 0.1750	 0.1025	 0.5979	 0.0056	 Time:18.4352

Dataset:NICO	 0.1290	 0.0206	 0.1308	 0.1762	 0.1008	 0.6977	 0.0023	 Time:17.9550

Dataset:NICO	 0.1212	 0.0166	 0.1230	 0.1773	 0.1003	 0.7647	 0.0011	 Time:16.8226

Dataset:NICO	 0.1417	 0.0410	 0.1447	 0.1748	 0.1029	 0.5818	 0.0063	 Time:17.4357

Dataset:NICO	 0.1077	 0.0110	 0.1098	 0.1800	 0.0998	 0.9157	 0.0001	 Time:16.7807

Dataset:NICO	 0.1072	 0.0112	 0.1095	 0.1802	 0.0998	 0.9266	 0.0001	 Time:17.2759

Dataset:NICO	 0.1250	 0.0180	 0.1268	 0.1763	 0.1005	 0.7156	 0.0016	 Time:21.2203

Dataset:NICO	 0.1230	 0.0200	 0.1237	 0.1765	 0.1007	 0.7122	 0.0020	 Time:21.4243

Dataset:NICO	 0.1180	 0.0155	 0.1190	 0.1768	 0.1003	 0.7426	 0.0012	 Time:19.9143

Dataset:NICO	 0.1072	 0.0155	 0.1090	 0.1806	 0.0998	 0.9514	 0.0000	 Time:17.3781

Dataset:NICO	 0.1085	 0.0176	 0.1100	 0.1805	 0.0998	 0.9437	 0.0001	 Time:16.3158

Dataset:NICO	 0.1385	 0.0202	 0.1393	 0.1340	 0.1031	 0.1911	 0.0050	 Time:20.1605

Dataset:NICO	 0.1388	 0.0201	 0.1398	 0.1498	 0.1024	 0.2786	 0.0046	 Time:20.7123

Dataset:NICO	 0.1353	 0.0194	 0.1383	 0.1355	 0.1033	 0.1969	 0.0053	 Time:20.8462

Dataset:NICO	 0.1375	 0.0205	 0.1390	 0.1347	 0.1033	 0.1934	 0.0053	 Time:22.4611

Dataset:Digits-DG	 0.1605	 0.0599	 0.1640	 0.1727	 0.1043	 0.5018	 0.0088	 Time:19.3769

Dataset:Digits-DG	 0.1483	 0.0568	 0.1548	 0.1719	 0.1025	 0.5325	 0.0053	 Time:19.5252

Dataset:Digits-DG	 0.1510	 0.0409	 0.1557	 0.1666	 0.1040	 0.4173	 0.0080	 Time:21.5082

Dataset:Digits-DG	 0.1237	 0.0304	 0.1308	 0.1716	 0.1005	 0.5856	 0.0013	 Time:20.3579

Dataset:Digits-DG	 0.1507	 0.0522	 0.1523	 0.1640	 0.1035	 0.3952	 0.0068	 Time:21.4925

Dataset:Digits-DG	 0.1445	 0.0463	 0.1468	 0.1631	 0.1017	 0.4115	 0.0035	 Time:22.7570

Dataset:Digits-DG	 0.1318	 0.0371	 0.1378	 0.1627	 0.1008	 0.4212	 0.0019	 Time:23.2040

Dataset:Digits-DG	 0.1395	 0.0472	 0.1437	 0.1649	 0.1009	 0.4496	 0.0021	 Time:22.5598

Dataset:Digits-DG	 0.1468	 0.0564	 0.1473	 0.1688	 0.1014	 0.5046	 0.0030	 Time:23.5023

Dataset:Digits-DG	 0.1517	 0.0545	 0.1533	 0.1659	 0.1036	 0.4156	 0.0072	 Time:23.6218

Dataset:Digits-DG	 0.1528	 0.0676	 0.1598	 0.1671	 0.1037	 0.4300	 0.0074	 Time:23.8222

Dataset:Digits-DG	 0.1258	 0.0399	 0.1328	 0.1647	 0.1005	 0.4556	 0.0014	 Time:24.0925

Dataset:Digits-DG	 0.1295	 0.0357	 0.1363	 0.1531	 0.1012	 0.3138	 0.0024	 Time:26.9785

Dataset:Digits-DG	 0.1290	 0.0436	 0.1373	 0.1654	 0.1007	 0.4631	 0.0017	 Time:22.9695

Dataset:Digits-DG	 0.1282	 0.0433	 0.1372	 0.1655	 0.1008	 0.4626	 0.0019	 Time:24.4117

Dataset:Digits-DG	 0.1552	 0.0677	 0.1598	 0.1673	 0.1044	 0.4208	 0.0087	 Time:25.3201

Dataset:Digits-DG	 0.1540	 0.0644	 0.1578	 0.1670	 0.1042	 0.4205	 0.0083	 Time:25.8794

Dataset:Digits-DG	 0.1523	 0.0578	 0.1567	 0.1657	 0.1038	 0.4108	 0.0075	 Time:27.2524

Dataset:Digits-DG	 0.1537	 0.0516	 0.1560	 0.1626	 0.1034	 0.3808	 0.0066	 Time:26.6962

Dataset:Digits-DG	 0.1547	 0.0543	 0.1570	 0.1632	 0.1037	 0.3832	 0.0071	 Time:28.2673

Dataset:Digits-DG	 0.1317	 0.0438	 0.1330	 0.1660	 0.1008	 0.4698	 0.0018	 Time:27.9371

Dataset:Digits-DG	 0.1697	 0.0767	 0.1723	 0.1659	 0.1049	 0.3956	 0.0095	 Time:26.9452

Dataset:Digits-DG	 0.1710	 0.0725	 0.1723	 0.1643	 0.1049	 0.3789	 0.0094	 Time:24.7559

Dataset:Digits-DG	 0.1587	 0.0529	 0.1610	 0.1581	 0.1039	 0.3311	 0.0072	 Time:28.5535

Dataset:Digits-DG	 0.1355	 0.0427	 0.1370	 0.1653	 0.1015	 0.4445	 0.0033	 Time:29.4566

Dataset:Digits-DG	 0.1390	 0.0394	 0.1395	 0.1547	 0.1023	 0.3178	 0.0043	 Time:29.1923

Dataset:Digits-DG	 0.1752	 0.0766	 0.1763	 0.1645	 0.1055	 0.3732	 0.0105	 Time:28.6682

Dataset:Digits-DG	 0.1613	 0.0730	 0.1615	 0.1639	 0.1028	 0.4040	 0.0056	 Time:30.3378

Dataset:Digits-DG	 0.1568	 0.0677	 0.1572	 0.1641	 0.1024	 0.4141	 0.0048	 Time:29.3541

Dataset:Digits-DG	 0.1518	 0.0546	 0.1523	 0.1555	 0.1021	 0.3266	 0.0040	 Time:29.9232

Dataset:Digits-DG	 0.1568	 0.0609	 0.1587	 0.1557	 0.1027	 0.3221	 0.0050	 Time:28.6607

Dataset:Digits-DG	 0.1473	 0.0635	 0.1477	 0.1665	 0.1010	 0.4739	 0.0022	 Time:29.0049

Dataset:Digits-DG	 0.1447	 0.0616	 0.1465	 0.1673	 0.1009	 0.4892	 0.0021	 Time:29.8959

Dataset:Digits-DG	 0.1537	 0.0559	 0.1548	 0.1641	 0.1023	 0.4135	 0.0048	 Time:29.9904

Dataset:Digits-DG	 0.1457	 0.0647	 0.1460	 0.1676	 0.1009	 0.4958	 0.0020	 Time:34.3984

Dataset:Digits-DG	 0.1597	 0.0617	 0.1613	 0.1598	 0.1029	 0.3575	 0.0057	 Time:30.5946

Dataset:Digits-DG	 0.1460	 0.0560	 0.1502	 0.1652	 0.1022	 0.4310	 0.0044	 Time:30.8214

Dataset:Digits-DG	 0.1788	 0.0822	 0.1807	 0.1590	 0.1078	 0.3032	 0.0137	 Time:30.4705

Dataset:Digits-DG	 0.1725	 0.0813	 0.1760	 0.1667	 0.1065	 0.3833	 0.0124	 Time:29.5549

Dataset:Digits-DG	 0.1763	 0.0830	 0.1795	 0.1657	 0.1073	 0.3627	 0.0137	 Time:30.0044

Dataset:Digits-DG	 0.1733	 0.0817	 0.1773	 0.1641	 0.1078	 0.3438	 0.0143	 Time:31.4264

Dataset:Digits-DG	 0.1753	 0.0850	 0.1787	 0.1655	 0.1070	 0.3654	 0.0131	 Time:32.3097

Dataset:Digits-DG	 0.1760	 0.0850	 0.1795	 0.1638	 0.1077	 0.3419	 0.0141	 Time:31.6837

Dataset:Digits-DG	 0.1660	 0.0602	 0.1698	 0.1480	 0.1079	 0.2358	 0.0127	 Time:31.2451

Dataset:Digits-DG	 0.1783	 0.0926	 0.1808	 0.1740	 0.1048	 0.5113	 0.0099	 Time:31.9670

Dataset:Digits-DG	 0.1532	 0.0680	 0.1543	 0.1658	 0.1038	 0.4124	 0.0074	 Time:30.6779

Dataset:Digits-DG	 0.1335	 0.0346	 0.1348	 0.1712	 0.1016	 0.5433	 0.0035	 Time:31.9102

Dataset:Digits-DG	 0.1708	 0.0685	 0.1712	 0.1656	 0.1075	 0.3601	 0.0140	 Time:29.4824

Dataset:Digits-DG	 0.1722	 0.0702	 0.1725	 0.1664	 0.1074	 0.3693	 0.0138	 Time:31.6330

Dataset:Digits-DG	 0.1725	 0.0844	 0.1728	 0.1735	 0.1045	 0.5110	 0.0093	 Time:33.9195

Dataset:Digits-DG	 0.1720	 0.0844	 0.1723	 0.1727	 0.1045	 0.4973	 0.0092	 Time:30.7551

Dataset:Digits-DG	 0.1643	 0.0573	 0.1657	 0.1677	 0.1049	 0.4177	 0.0096	 Time:32.4442

Dataset:Digits-DG	 0.1650	 0.0913	 0.1668	 0.1787	 0.1028	 0.6848	 0.0062	 Time:32.6042

Dataset:Digits-DG	 0.1703	 0.0791	 0.1705	 0.1660	 0.1056	 0.3887	 0.0107	 Time:27.4403

Dataset:Digits-DG	 0.1730	 0.0857	 0.1732	 0.1679	 0.1055	 0.4105	 0.0108	 Time:27.3723

Dataset:Digits-DG	 0.1730	 0.0846	 0.1743	 0.1661	 0.1061	 0.3827	 0.0116	 Time:28.2874

Dataset:Digits-DG	 0.1710	 0.0832	 0.1712	 0.1665	 0.1055	 0.3946	 0.0106	 Time:28.8690

Dataset:Digits-DG	 0.1862	 0.1010	 0.1875	 0.1642	 0.1067	 0.3558	 0.0125	 Time:29.9181

Dataset:Digits-DG	 0.1827	 0.1004	 0.1837	 0.1654	 0.1063	 0.3717	 0.0119	 Time:28.9300

Dataset:Digits-DG	 0.1455	 0.0756	 0.1475	 0.1814	 0.1015	 0.8567	 0.0035	 Time:25.2099

Dataset:Digits-DG	 0.1753	 0.0900	 0.1785	 0.1725	 0.1043	 0.4986	 0.0088	 Time:25.4498

Dataset:Digits-DG	 0.1748	 0.0899	 0.1780	 0.1726	 0.1042	 0.5020	 0.0087	 Time:25.5541

Dataset:Digits-DG	 0.1753	 0.0937	 0.1785	 0.1738	 0.1043	 0.5202	 0.0089	 Time:28.6538

Dataset:Digits-DG	 0.1748	 0.0924	 0.1778	 0.1739	 0.1042	 0.5260	 0.0087	 Time:27.5660

Dataset:Digits-DG	 0.1522	 0.0583	 0.1540	 0.1628	 0.1049	 0.3634	 0.0092	 Time:29.5484

Dataset:Digits-DG	 0.1513	 0.0579	 0.1533	 0.1625	 0.1049	 0.3610	 0.0092	 Time:28.1649

Dataset:Digits-DG	 0.1640	 0.0910	 0.1647	 0.1800	 0.1034	 0.6962	 0.0075	 Time:32.3102

Dataset:Digits-DG	 0.1638	 0.0944	 0.1673	 0.1799	 0.1032	 0.6979	 0.0072	 Time:31.9653

Dataset:Digits-DG	 0.1640	 0.0943	 0.1675	 0.1799	 0.1033	 0.6962	 0.0072	 Time:32.2572

Dataset:Digits-DG	 0.1645	 0.0948	 0.1680	 0.1799	 0.1033	 0.6979	 0.0072	 Time:33.6184

Dataset:Digits-DG	 0.1612	 0.0922	 0.1647	 0.1795	 0.1028	 0.7058	 0.0063	 Time:29.0642

Dataset:Digits-DG	 0.1615	 0.0946	 0.1650	 0.1798	 0.1028	 0.7133	 0.0063	 Time:29.5199

Dataset:Digits-DG	 0.1373	 0.0426	 0.1433	 0.1603	 0.1026	 0.3666	 0.0050	 Time:36.1318

Dataset:Digits-DG	 0.1367	 0.0419	 0.1425	 0.1601	 0.1024	 0.3668	 0.0048	 Time:32.6638

Dataset:Digits-DG	 0.1327	 0.0444	 0.1332	 0.1753	 0.1008	 0.6704	 0.0020	 Time:34.4655

Dataset:Digits-DG	 0.1507	 0.0747	 0.1515	 0.1738	 0.1022	 0.5819	 0.0048	 Time:29.1444

Dataset:Digits-DG	 0.1583	 0.0981	 0.1620	 0.1819	 0.1022	 0.8294	 0.0050	 Time:31.3324

Dataset:Digits-DG	 0.1480	 0.0719	 0.1532	 0.1721	 0.1031	 0.5217	 0.0065	 Time:28.0083

Dataset:Digits-DG	 0.1200	 0.0250	 0.1248	 0.1692	 0.1005	 0.5357	 0.0012	 Time:28.3073

Dataset:Digits-DG	 0.1410	 0.0635	 0.1502	 0.1722	 0.1025	 0.5360	 0.0054	 Time:26.2959

Dataset:Digits-DG	 0.1408	 0.0635	 0.1500	 0.1721	 0.1025	 0.5358	 0.0054	 Time:31.0526

Dataset:Digits-DG	 0.1440	 0.0754	 0.1447	 0.1827	 0.1017	 0.8994	 0.0040	 Time:23.9849

Dataset:Digits-DG	 0.1438	 0.0753	 0.1445	 0.1827	 0.1017	 0.9001	 0.0040	 Time:24.1404

Dataset:Digits-DG	 0.1440	 0.0752	 0.1447	 0.1828	 0.1017	 0.8996	 0.0042	 Time:24.6897

Dataset:Digits-DG	 0.1442	 0.0755	 0.1448	 0.1828	 0.1018	 0.8991	 0.0042	 Time:25.1029

Dataset:Digits-DG	 0.1668	 0.0981	 0.1705	 0.1751	 0.1048	 0.5310	 0.0100	 Time:29.7921

Dataset:Digits-DG	 0.1667	 0.0979	 0.1703	 0.1749	 0.1049	 0.5258	 0.0101	 Time:30.1669

Dataset:Digits-DG	 0.1665	 0.0973	 0.1700	 0.1749	 0.1049	 0.5269	 0.0101	 Time:31.7372

Dataset:Digits-DG	 0.1672	 0.0979	 0.1708	 0.1750	 0.1050	 0.5255	 0.0102	 Time:31.1892

Dataset:Digits-DG	 0.1652	 0.0984	 0.1690	 0.1748	 0.1049	 0.5238	 0.0101	 Time:34.1478

Dataset:Digits-DG	 0.1605	 0.0599	 0.1640	 0.1727	 0.1043	 0.5018	 0.0088	 Time:17.8673

Dataset:Digits-DG	 0.1483	 0.0568	 0.1548	 0.1719	 0.1025	 0.5325	 0.0053	 Time:18.1976

Dataset:Digits-DG	 0.1510	 0.0409	 0.1557	 0.1666	 0.1040	 0.4173	 0.0080	 Time:20.1889

Dataset:Digits-DG	 0.1237	 0.0304	 0.1308	 0.1716	 0.1005	 0.5856	 0.0013	 Time:20.0550

Dataset:Digits-DG	 0.1507	 0.0522	 0.1523	 0.1640	 0.1035	 0.3952	 0.0068	 Time:20.7996

Dataset:Digits-DG	 0.1445	 0.0463	 0.1468	 0.1631	 0.1017	 0.4115	 0.0035	 Time:22.6713

Dataset:Digits-DG	 0.1318	 0.0371	 0.1378	 0.1627	 0.1008	 0.4212	 0.0019	 Time:23.1229

Dataset:Digits-DG	 0.1395	 0.0472	 0.1437	 0.1649	 0.1009	 0.4496	 0.0021	 Time:22.5036

Dataset:Digits-DG	 0.1468	 0.0564	 0.1473	 0.1688	 0.1014	 0.5046	 0.0030	 Time:23.9850

Dataset:Digits-DG	 0.1517	 0.0545	 0.1533	 0.1659	 0.1036	 0.4156	 0.0072	 Time:24.2024

Dataset:Digits-DG	 0.1528	 0.0676	 0.1598	 0.1671	 0.1037	 0.4300	 0.0074	 Time:22.9969

Dataset:Digits-DG	 0.1258	 0.0399	 0.1328	 0.1647	 0.1005	 0.4556	 0.0014	 Time:24.2846

Dataset:Digits-DG	 0.1295	 0.0362	 0.1367	 0.1532	 0.1013	 0.3139	 0.0026	 Time:28.4827

Dataset:Digits-DG	 0.1290	 0.0436	 0.1373	 0.1654	 0.1007	 0.4631	 0.0017	 Time:41.0399

Dataset:Digits-DG	 0.1282	 0.0433	 0.1372	 0.1655	 0.1008	 0.4626	 0.0019	 Time:26.3380

Dataset:Digits-DG	 0.1552	 0.0677	 0.1598	 0.1673	 0.1044	 0.4208	 0.0087	 Time:25.1533

Dataset:Digits-DG	 0.1540	 0.0644	 0.1578	 0.1670	 0.1042	 0.4205	 0.0083	 Time:25.0713

Dataset:Digits-DG	 0.1523	 0.0578	 0.1567	 0.1657	 0.1038	 0.4108	 0.0075	 Time:24.7560

Dataset:Digits-DG	 0.1537	 0.0516	 0.1560	 0.1626	 0.1034	 0.3808	 0.0066	 Time:24.3565

Dataset:Digits-DG	 0.1547	 0.0543	 0.1570	 0.1632	 0.1037	 0.3832	 0.0071	 Time:28.1876

Dataset:Digits-DG	 0.1317	 0.0438	 0.1330	 0.1660	 0.1008	 0.4698	 0.0018	 Time:28.4321

Dataset:Digits-DG	 0.1697	 0.0767	 0.1723	 0.1659	 0.1049	 0.3956	 0.0095	 Time:27.3153

Dataset:Digits-DG	 0.1710	 0.0725	 0.1723	 0.1643	 0.1049	 0.3789	 0.0094	 Time:28.2772

Dataset:Digits-DG	 0.1597	 0.0536	 0.1620	 0.1584	 0.1040	 0.3326	 0.0074	 Time:29.7357

Dataset:Digits-DG	 0.1355	 0.0427	 0.1370	 0.1653	 0.1015	 0.4445	 0.0033	 Time:30.9941

Dataset:Digits-DG	 0.1390	 0.0394	 0.1395	 0.1547	 0.1023	 0.3178	 0.0043	 Time:41.6833

Dataset:Digits-DG	 0.1752	 0.0766	 0.1763	 0.1645	 0.1055	 0.3732	 0.0105	 Time:29.0297

Dataset:Digits-DG	 0.1613	 0.0730	 0.1615	 0.1639	 0.1028	 0.4040	 0.0056	 Time:29.0523

Dataset:Digits-DG	 0.1500	 0.0654	 0.1513	 0.1666	 0.1015	 0.4638	 0.0033	 Time:27.0719

Dataset:Digits-DG	 0.1580	 0.0721	 0.1582	 0.1634	 0.1028	 0.3983	 0.0055	 Time:31.3795

Dataset:Digits-DG	 0.1582	 0.0708	 0.1587	 0.1631	 0.1027	 0.3968	 0.0054	 Time:28.9425

Dataset:Digits-DG	 0.1563	 0.0714	 0.1568	 0.1632	 0.1025	 0.4003	 0.0050	 Time:27.8291

Dataset:Digits-DG	 0.1480	 0.0637	 0.1497	 0.1660	 0.1017	 0.4511	 0.0036	 Time:30.5516

Dataset:Digits-DG	 0.1483	 0.0651	 0.1497	 0.1661	 0.1018	 0.4499	 0.0039	 Time:27.0623

Dataset:Digits-DG	 0.1503	 0.0674	 0.1523	 0.1663	 0.1020	 0.4492	 0.0042	 Time:27.6008

Dataset:Digits-DG	 0.1670	 0.0694	 0.1678	 0.1666	 0.1043	 0.4138	 0.0085	 Time:19.7812

Dataset:Digits-DG	 0.1555	 0.0570	 0.1595	 0.1701	 0.1032	 0.4831	 0.0066	 Time:19.0913

Dataset:Digits-DG	 0.1408	 0.0412	 0.1413	 0.1677	 0.1012	 0.4902	 0.0026	 Time:19.2969

Dataset:Digits-DG	 0.1670	 0.0694	 0.1678	 0.1666	 0.1043	 0.4138	 0.0085	 Time:19.0207

Dataset:Digits-DG	 0.1555	 0.0570	 0.1595	 0.1701	 0.1032	 0.4831	 0.0066	 Time:19.9999

Dataset:Digits-DG	 0.1408	 0.0412	 0.1413	 0.1677	 0.1012	 0.4902	 0.0026	 Time:20.0160

Dataset:Digits-DG	 0.1348	 0.0410	 0.1378	 0.1702	 0.1009	 0.5449	 0.0021	 Time:20.8652

Dataset:Digits-DG	 0.1270	 0.0286	 0.1303	 0.1639	 0.1005	 0.4447	 0.0012	 Time:19.9061

Dataset:Digits-DG	 0.1280	 0.0283	 0.1330	 0.1630	 0.1007	 0.4267	 0.0017	 Time:21.8774

Dataset:Digits-DG	 0.1285	 0.0364	 0.1320	 0.1648	 0.1004	 0.4599	 0.0011	 Time:23.0193

Dataset:Digits-DG	 0.1240	 0.0309	 0.1282	 0.1648	 0.1004	 0.4606	 0.0010	 Time:23.1458

Dataset:Digits-DG	 0.1277	 0.0303	 0.1325	 0.1611	 0.1008	 0.4001	 0.0019	 Time:23.5636

Dataset:Digits-DG	 0.1515	 0.0614	 0.1535	 0.1682	 0.1033	 0.4532	 0.0067	 Time:23.1489

Dataset:Digits-DG	 0.1535	 0.0672	 0.1587	 0.1679	 0.1037	 0.4400	 0.0075	 Time:22.1651

Dataset:Digits-DG	 0.1542	 0.0713	 0.1617	 0.1679	 0.1038	 0.4400	 0.0075	 Time:22.8058

Dataset:Digits-DG	 0.1302	 0.0449	 0.1380	 0.1655	 0.1008	 0.4615	 0.0019	 Time:25.2072

Dataset:Digits-DG	 0.1562	 0.0684	 0.1595	 0.1669	 0.1041	 0.4210	 0.0081	 Time:23.8049

Dataset:Digits-DG	 0.1537	 0.0648	 0.1587	 0.1674	 0.1044	 0.4222	 0.0086	 Time:24.7934

Dataset:Digits-DG	 0.1552	 0.0675	 0.1595	 0.1674	 0.1044	 0.4218	 0.0087	 Time:24.1980

Dataset:Digits-DG	 0.1232	 0.0366	 0.1277	 0.1658	 0.1008	 0.4667	 0.0019	 Time:26.1870

Dataset:Digits-DG	 0.1535	 0.0598	 0.1572	 0.1661	 0.1039	 0.4135	 0.0078	 Time:22.7528

Dataset:Digits-DG	 0.1265	 0.0394	 0.1277	 0.1658	 0.1008	 0.4671	 0.0018	 Time:25.0177

Dataset:Digits-DG	 0.1290	 0.0410	 0.1300	 0.1662	 0.1009	 0.4714	 0.0020	 Time:25.1943

Dataset:Digits-DG	 0.1583	 0.0555	 0.1605	 0.1623	 0.1041	 0.3683	 0.0078	 Time:25.4054

Dataset:Digits-DG	 0.1310	 0.0395	 0.1332	 0.1668	 0.1005	 0.4918	 0.0012	 Time:25.1977

Dataset:Digits-DG	 0.1463	 0.0369	 0.1482	 0.1619	 0.1030	 0.3780	 0.0059	 Time:29.0058

Dataset:Digits-DG	 0.1585	 0.0523	 0.1607	 0.1576	 0.1039	 0.3259	 0.0073	 Time:26.2168

Dataset:Digits-DG	 0.1552	 0.0470	 0.1573	 0.1565	 0.1036	 0.3200	 0.0066	 Time:26.1657

Dataset:Digits-DG	 0.1405	 0.0399	 0.1405	 0.1548	 0.1027	 0.3141	 0.0051	 Time:25.7833

Dataset:Digits-DG	 0.1755	 0.0760	 0.1762	 0.1644	 0.1060	 0.3663	 0.0113	 Time:27.3662

Dataset:Digits-DG	 0.1610	 0.0720	 0.1612	 0.1637	 0.1031	 0.3977	 0.0061	 Time:26.2483

Dataset:Digits-DG	 0.1405	 0.0564	 0.1408	 0.1670	 0.1009	 0.4842	 0.0021	 Time:25.9036

Dataset:Digits-DG	 0.1467	 0.0613	 0.1468	 0.1658	 0.1010	 0.4617	 0.0023	 Time:26.5296

Dataset:Digits-DG	 0.1452	 0.0520	 0.1460	 0.1572	 0.1015	 0.3492	 0.0030	 Time:26.0235

Dataset:Digits-DG	 0.1432	 0.0713	 0.1435	 0.1798	 0.1006	 0.8460	 0.0016	 Time:30.1654

Dataset:Digits-DG	 0.1293	 0.0446	 0.1328	 0.1674	 0.1005	 0.5009	 0.0013	 Time:27.7585

Dataset:Digits-DG	 0.1318	 0.0458	 0.1340	 0.1679	 0.1006	 0.5080	 0.0014	 Time:29.8116

Dataset:Digits-DG	 0.1655	 0.0687	 0.1667	 0.1637	 0.1032	 0.3961	 0.0063	 Time:25.2906

Dataset:Digits-DG	 0.1602	 0.0629	 0.1625	 0.1604	 0.1032	 0.3597	 0.0062	 Time:27.7183

Dataset:Digits-DG	 0.1488	 0.0660	 0.1488	 0.1698	 0.1009	 0.5360	 0.0020	 Time:30.8064

Dataset:Digits-DG	 0.1590	 0.0671	 0.1590	 0.1743	 0.1019	 0.6026	 0.0042	 Time:18.6158

Dataset:Digits-DG	 0.1397	 0.0516	 0.1397	 0.1787	 0.1009	 0.7823	 0.0022	 Time:16.1179

Dataset:Digits-DG	 0.1327	 0.0346	 0.1338	 0.1705	 0.1006	 0.5579	 0.0016	 Time:19.9852

Dataset:Digits-DG	 0.1333	 0.0379	 0.1338	 0.1709	 0.1005	 0.5701	 0.0013	 Time:19.8460

Dataset:Digits-DG	 0.1255	 0.0268	 0.1255	 0.1654	 0.1003	 0.4717	 0.0008	 Time:18.9686

Dataset:Digits-DG	 0.1238	 0.0255	 0.1243	 0.1649	 0.1002	 0.4664	 0.0006	 Time:21.6156

Dataset:Digits-DG	 0.1215	 0.0295	 0.1218	 0.1784	 0.1008	 0.7740	 0.0021	 Time:15.7397

Dataset:Digits-DG	 0.1160	 0.0266	 0.1160	 0.1808	 0.1000	 0.9365	 0.0004	 Time:14.5776

Dataset:Digits-DG	 0.1415	 0.0472	 0.1417	 0.1724	 0.1015	 0.5703	 0.0034	 Time:18.5160

Dataset:Digits-DG	 0.1193	 0.0221	 0.1195	 0.1764	 0.1000	 0.7466	 0.0004	 Time:17.7008

Dataset:Digits-DG	 0.1177	 0.0193	 0.1193	 0.1700	 0.1001	 0.5636	 0.0006	 Time:18.1858

Dataset:Digits-DG	 0.1290	 0.0325	 0.1298	 0.1732	 0.1003	 0.6333	 0.0010	 Time:18.6248

Dataset:Digits-DG	 0.1008	 0.0020	 0.1010	 0.1815	 0.0998	 0.9980	 -0.0000	 Time:30.3806

Dataset:Digits-DG	 0.1360	 0.0707	 0.1360	 0.1846	 0.1022	 0.9513	 0.0052	 Time:209.2720

Dataset:Digits-DG	 0.1585	 0.1076	 0.1587	 0.1863	 0.1037	 0.9178	 0.0083	 Time:635.4473

Dataset:Digits-DG	 0.1570	 0.1061	 0.1573	 0.1863	 0.1036	 0.9206	 0.0082	 Time:1327.3350

Dataset:Digits-DG	 0.1572	 0.1071	 0.1578	 0.1864	 0.1037	 0.9204	 0.0084	 Time:2168.6905

Dataset:Digits-DG	 0.1605	 0.1290	 0.1712	 0.1875	 0.1046	 0.9022	 0.0104	 Time:3640.9327

Dataset:Digits-DG	 0.2040	 0.2035	 0.2042	 0.1991	 0.1143	 0.7694	 0.0305	 Time:7109.8842

Dataset:Digits-DG	 0.1858	 0.1625	 0.1945	 0.1890	 0.1060	 0.8683	 0.0134	 Time:9220.5911

Dataset:Digits-DG	 0.1810	 0.1647	 0.1955	 0.1886	 0.1058	 0.8658	 0.0130	 Time:11466.3542

Dataset:Digits-DG	 0.2178	 0.2098	 0.2290	 0.1914	 0.1083	 0.8213	 0.0182	 Time:15371.6616

Dataset:Caltech101-20	 0.1877	 0.1601	 0.2027	 0.1391	 0.0872	 0.3440	 0.0324	 Time:34.0463

Dataset:Caltech101-20	 0.1877	 0.1601	 0.2027	 0.1391	 0.0872	 0.3440	 0.0324	 Time:91.0535

Dataset:Caltech101-20	 0.1877	 0.1601	 0.2027	 0.1391	 0.0872	 0.3440	 0.0324	 Time:243.3785

Dataset:Caltech101-20	 0.1877	 0.1601	 0.2027	 0.1391	 0.0872	 0.3440	 0.0324	 Time:513.7182

Dataset:Caltech101-20	 0.1877	 0.1601	 0.2027	 0.1391	 0.0872	 0.3440	 0.0324	 Time:998.6272

Dataset:Caltech101-20	 0.1877	 0.1601	 0.2027	 0.1391	 0.0872	 0.3440	 0.0324	 Time:1638.0592

Dataset:Caltech101-20	 0.1877	 0.1601	 0.2027	 0.1391	 0.0872	 0.3440	 0.0324	 Time:2484.6017

Dataset:Caltech101-20	 0.1877	 0.1601	 0.2027	 0.1391	 0.0872	 0.3440	 0.0324	 Time:3289.8173

Dataset:Caltech101-20	 0.1877	 0.1601	 0.2027	 0.1391	 0.0872	 0.3440	 0.0324	 Time:4489.5661

Dataset:Caltech101-20	 0.1877	 0.1601	 0.2027	 0.1391	 0.0872	 0.3440	 0.0324	 Time:6462.9160

Dataset:Caltech101-20	 0.1877	 0.1601	 0.2027	 0.1391	 0.0872	 0.3440	 0.0324	 Time:15.8479

Dataset:Caltech101-20	 0.1877	 0.1601	 0.2027	 0.1391	 0.0872	 0.3440	 0.0324	 Time:16.9529

Dataset:Caltech101-20	 0.1877	 0.1601	 0.2027	 0.1391	 0.0872	 0.3440	 0.0324	 Time:18.5337

Dataset:Caltech101-20	 0.1877	 0.1601	 0.2027	 0.1391	 0.0872	 0.3440	 0.0324	 Time:20.4237

Dataset:Caltech101-20	 0.1877	 0.1601	 0.2027	 0.1391	 0.0872	 0.3440	 0.0324	 Time:22.0291

Dataset:Caltech101-20	 0.1877	 0.1601	 0.2027	 0.1391	 0.0872	 0.3440	 0.0324	 Time:23.9969

Dataset:Caltech101-20	 0.1877	 0.1601	 0.2027	 0.1391	 0.0872	 0.3440	 0.0324	 Time:26.0391

Dataset:Caltech101-20	 0.1877	 0.1601	 0.2027	 0.1391	 0.0872	 0.3440	 0.0324	 Time:27.9694

Dataset:Caltech101-20	 0.1877	 0.1601	 0.2027	 0.1391	 0.0872	 0.3440	 0.0324	 Time:30.5680

Dataset:Caltech101-20	 0.1877	 0.1601	 0.2027	 0.1391	 0.0872	 0.3440	 0.0324	 Time:32.8000

Dataset:Caltech101-20	 0.2671	 0.3691	 0.2950	 0.2388	 0.1583	 0.4852	 0.1502	 Time:20.1861

Dataset:Caltech101-20	 0.2814	 0.3505	 0.3012	 0.2035	 0.1300	 0.4683	 0.1069	 Time:21.7609

Dataset:Caltech101-20	 0.3208	 0.3507	 0.3349	 0.2258	 0.1683	 0.3427	 0.1467	 Time:25.0160

Dataset:Caltech101-20	 0.3260	 0.3680	 0.3409	 0.2470	 0.1725	 0.4342	 0.1643	 Time:27.8110

Dataset:Caltech101-20	 0.2433	 0.2959	 0.2615	 0.1663	 0.0952	 0.6581	 0.0518	 Time:35.1001

Dataset:Caltech101-20	 0.2803	 0.3193	 0.2930	 0.1793	 0.1074	 0.5433	 0.0723	 Time:34.3982

Dataset:Caltech101-20	 0.2575	 0.2957	 0.2689	 0.1723	 0.1001	 0.6202	 0.0605	 Time:43.0857

Dataset:Caltech101-20	 0.2134	 0.2431	 0.2239	 0.1522	 0.0846	 0.7590	 0.0319	 Time:42.9595

Dataset:Caltech101-20	 0.2116	 0.2874	 0.2252	 0.1952	 0.1150	 0.6442	 0.0883	 Time:56.0280

Dataset:Caltech101-20	 0.1224	 0.0623	 0.1249	 0.1296	 0.0696	 0.9363	 0.0012	 Time:56.0498

Dataset:Caltech101-20	 0.2033	 0.1681	 0.2239	 0.1417	 0.0854	 0.4171	 0.0305	 Time:16.3325

Dataset:Caltech101-20	 0.2033	 0.1681	 0.2239	 0.1417	 0.0854	 0.4171	 0.0305	 Time:17.6583

Dataset:Caltech101-20	 0.2033	 0.1681	 0.2239	 0.1417	 0.0854	 0.4171	 0.0305	 Time:19.0464

Dataset:Caltech101-20	 0.2033	 0.1681	 0.2239	 0.1417	 0.0854	 0.4171	 0.0305	 Time:21.8071

Dataset:Caltech101-20	 0.2033	 0.1681	 0.2239	 0.1417	 0.0854	 0.4171	 0.0305	 Time:23.7932

Dataset:Caltech101-20	 0.2033	 0.1681	 0.2239	 0.1417	 0.0854	 0.4171	 0.0305	 Time:24.1953

Dataset:Caltech101-20	 0.2033	 0.1681	 0.2239	 0.1417	 0.0854	 0.4171	 0.0305	 Time:25.9566

Dataset:Caltech101-20	 0.2033	 0.1681	 0.2239	 0.1417	 0.0854	 0.4171	 0.0305	 Time:28.2242

Dataset:Caltech101-20	 0.2033	 0.1681	 0.2239	 0.1417	 0.0854	 0.4171	 0.0305	 Time:30.8435

Dataset:Caltech101-20	 0.2033	 0.1681	 0.2239	 0.1417	 0.0854	 0.4171	 0.0305	 Time:33.1174

Dataset:Caltech101-20	 0.1748	 0.1717	 0.2031	 0.1342	 0.0789	 0.4501	 0.0189	 Time:15.3179

Dataset:Caltech101-20	 0.2054	 0.2624	 0.2265	 0.1776	 0.1056	 0.5591	 0.0694	 Time:16.5928

Dataset:Caltech101-20	 0.2198	 0.2774	 0.2352	 0.1985	 0.1203	 0.5662	 0.0954	 Time:16.7262

Dataset:Caltech101-20	 0.2491	 0.3545	 0.2794	 0.2293	 0.1469	 0.5225	 0.1361	 Time:18.5894

Dataset:Caltech101-20	 0.2573	 0.3763	 0.2876	 0.2450	 0.1582	 0.5434	 0.1545	 Time:18.9098

Dataset:Caltech101-20	 0.2573	 0.3583	 0.2836	 0.2277	 0.1459	 0.5179	 0.1344	 Time:19.9632

Dataset:Caltech101-20	 0.2671	 0.3691	 0.2950	 0.2388	 0.1583	 0.4852	 0.1502	 Time:20.1914

Dataset:Caltech101-20	 0.1224	 0.0623	 0.1249	 0.1296	 0.0696	 0.9363	 0.0012	 Time:49.2154

Dataset:Caltech101-20	 0.2488	 0.3055	 0.2693	 0.1677	 0.0969	 0.6202	 0.0547	 Time:136.7884

Dataset:Caltech101-20	 0.1583	 0.1906	 0.1739	 0.1446	 0.0792	 0.8263	 0.0211	 Time:309.3430

Dataset:Caltech101-20	 0.2025	 0.2405	 0.2178	 0.1572	 0.0886	 0.6965	 0.0394	 Time:650.3585

Dataset:Caltech101-20	 0.1893	 0.2309	 0.2042	 0.1535	 0.0851	 0.7847	 0.0329	 Time:1115.0304

Dataset:Caltech101-20	 0.2276	 0.2306	 0.2290	 0.1475	 0.0811	 0.8145	 0.0249	 Time:1807.5476

Dataset:Caltech101-20	 0.1331	 0.0775	 0.1356	 0.1294	 0.0697	 0.9094	 0.0012	 Time:2343.2431

Dataset:Caltech101-20	 0.1969	 0.1935	 0.1996	 0.1406	 0.0766	 0.8545	 0.0158	 Time:3368.8343

Dataset:Caltech101-20	 0.1206	 0.0678	 0.1264	 0.1300	 0.0699	 0.9347	 0.0017	 Time:4150.9629

Dataset:Caltech101-20	 0.1362	 0.0893	 0.1405	 0.1309	 0.0706	 0.8928	 0.0032	 Time:6260.1033

Dataset:Caltech101-20	 0.2899	 0.3673	 0.2907	 0.1848	 0.1059	 0.7257	 0.0729	 Time:59.9435

Dataset:Caltech101-20	 0.2881	 0.4605	 0.2894	 0.2578	 0.1511	 0.8763	 0.1586	 Time:160.6683

Dataset:Caltech101-20	 0.2919	 0.4676	 0.2932	 0.2598	 0.1523	 0.8834	 0.1608	 Time:312.1549

Dataset:Caltech101-20	 0.2954	 0.4834	 0.2972	 0.2679	 0.1589	 0.8522	 0.1713	 Time:709.9935

Dataset:Caltech101-20	 0.2932	 0.4633	 0.2948	 0.2530	 0.1483	 0.8608	 0.1532	 Time:1130.0067

Dataset:Caltech101-20	 0.2230	 0.2544	 0.2243	 0.1521	 0.0831	 0.8949	 0.0293	 Time:1665.9443

Dataset:Caltech101-20	 0.2620	 0.3168	 0.2633	 0.1659	 0.0918	 0.8636	 0.0468	 Time:2547.3224

Dataset:Caltech101-20	 0.1612	 0.1449	 0.1639	 0.1388	 0.0750	 0.9209	 0.0126	 Time:3560.1729

Dataset:Caltech101-20	 0.3387	 0.4157	 0.3407	 0.1984	 0.1130	 0.8133	 0.0877	 Time:4702.3002

Dataset:Caltech101-20	 0.3438	 0.5220	 0.3469	 0.2844	 0.1705	 0.8553	 0.1912	 Time:6071.2944

