1e-05	10	0.821	0.76653	0.821	0.73989	0.74189	0.74089	0.7122	2.2332
0.0001	10	0.821	0.76685	0.821	0.73991	0.74192	0.74091	0.71223	2.0325
0.001	10	0.821	0.7663	0.821	0.73987	0.74187	0.74087	0.71218	2.0215
0.01	10	0.8255	0.76725	0.8255	0.74042	0.74203	0.74122	0.71258	2.0579
0.1	10	0.892	0.80695	0.892	0.79515	0.80559	0.80033	0.7781	2.0298
1	10	0.7675	0.73641	0.7875	0.68226	0.70188	0.69193	0.65733	2.0995
10	10	0.755	0.71347	0.7625	0.65311	0.6772	0.66493	0.62714	2.0694
100	10	0.7825	0.75513	0.784	0.69376	0.71823	0.70578	0.67263	2.0432
1000	10	0.7825	0.75513	0.784	0.69376	0.71823	0.70578	0.67263	2.0098
10000	10	0.7825	0.75513	0.784	0.69376	0.71823	0.70578	0.67263	2.0432
1e-05	20	0.8015	0.75425	0.8015	0.70465	0.72041	0.71244	0.68026	2.1804
0.0001	20	0.8005	0.75426	0.8005	0.70486	0.72018	0.71244	0.68027	2.1715
0.001	20	0.7975	0.75068	0.7975	0.69918	0.71548	0.70724	0.67445	2.135
0.01	20	0.792	0.74535	0.792	0.68535	0.70525	0.69516	0.66092	2.1696
0.1	20	0.875	0.78881	0.875	0.75391	0.7822	0.7678	0.7416	2.1632
1	20	0.704	0.69579	0.7395	0.60914	0.65988	0.6335	0.59117	2.165
10	20	0.8435	0.76172	0.8435	0.73019	0.74075	0.73544	0.70595	2.2049
100	20	0.772	0.74991	0.7755	0.6826	0.70784	0.69499	0.66059	2.0559
1000	20	0.7745	0.74957	0.7755	0.68337	0.7088	0.69585	0.66154	2.0772
10000	20	0.7745	0.74957	0.7755	0.68337	0.7088	0.69585	0.66154	2.0145
1e-05	30	0.821	0.77867	0.821	0.73835	0.74944	0.74385	0.7153	2.3328
0.0001	30	0.82	0.77751	0.82	0.73626	0.7481	0.74213	0.71337	2.3489
0.001	30	0.8185	0.77606	0.8185	0.73347	0.74537	0.73937	0.7103	2.3259
0.01	30	0.8185	0.7744	0.8185	0.7337	0.74435	0.73899	0.7099	2.3097
0.1	30	0.8705	0.78472	0.8705	0.74783	0.7745	0.76093	0.73399	2.2966
1	30	0.806	0.75378	0.806	0.69866	0.71553	0.70699	0.67417	2.5112
10	30	0.7745	0.75392	0.7825	0.68882	0.71205	0.70024	0.66649	2.2449
100	30	0.771	0.74548	0.7745	0.68026	0.70486	0.69234	0.65766	2.1735
1000	30	0.7705	0.74444	0.774	0.679	0.70375	0.69116	0.65633	2.1459
10000	30	0.7705	0.74444	0.774	0.679	0.70375	0.69116	0.65633	2.0111
1e-05	40	0.76	0.75909	0.77	0.6128	0.6973	0.65233	0.61112	2.5134
0.0001	40	0.761	0.75976	0.771	0.61589	0.69883	0.65474	0.61388	2.5715
0.001	40	0.762	0.76148	0.771	0.61664	0.69934	0.65539	0.61462	2.5414
0.01	40	0.765	0.76459	0.772	0.62206	0.70135	0.65933	0.61915	2.508
0.1	40	0.8	0.80878	0.8355	0.72721	0.82415	0.77265	0.74576	2.4607
1	40	0.787	0.74511	0.787	0.68833	0.70471	0.69642	0.66242	2.4125
10	40	0.774	0.75176	0.779	0.68583	0.70863	0.69704	0.66294	2.3255
100	40	0.8355	0.75603	0.8355	0.71799	0.73386	0.72584	0.69516	2.3206
1000	40	0.777	0.74543	0.777	0.67971	0.70806	0.69359	0.65895	2.24
10000	40	0.8345	0.75449	0.8345	0.7166	0.73264	0.72453	0.6937	2.1835
1e-05	50	0.748	0.74592	0.793	0.56495	0.77183	0.65239	0.60723	2.6346
0.0001	50	0.7535	0.76128	0.8	0.63945	0.77207	0.69953	0.66281	2.6263
0.001	50	0.756	0.764	0.801	0.64309	0.77391	0.70246	0.66616	2.6021
0.01	50	0.7565	0.75642	0.801	0.59138	0.78065	0.67296	0.63118	2.6467
0.1	50	0.7985	0.81154	0.839	0.71511	0.82993	0.76826	0.7405	2.6257
1	50	0.9	0.82387	0.9	0.81148	0.81787	0.81466	0.79408	2.6168
10	50	0.747	0.71669	0.759	0.65128	0.67505	0.66295	0.62494	2.422
100	50	0.767	0.74832	0.7715	0.67679	0.7022	0.68926	0.6542	2.301
1000	50	0.767	0.74832	0.7715	0.67679	0.7022	0.68926	0.6542	2.3185
10000	50	0.7665	0.74863	0.771	0.67625	0.70215	0.68896	0.65385	2.2897
1e-05	60	0.721	0.72127	0.738	0.52974	0.65764	0.5868	0.53559	2.8958
0.0001	60	0.7225	0.72242	0.738	0.52818	0.65788	0.58594	0.53454	2.8699
0.001	60	0.74	0.71858	0.74	0.52363	0.65708	0.58281	0.53082	2.9146
0.01	60	0.8175	0.78167	0.8175	0.72998	0.74578	0.73779	0.70846	2.9258
0.1	60	0.8385	0.79057	0.8385	0.74932	0.76015	0.75469	0.72736	2.8501
1	60	0.904	0.83087	0.904	0.8188	0.82525	0.82201	0.80225	2.996
10	60	0.743	0.70958	0.754	0.64255	0.66823	0.65514	0.61618	2.647
100	60	0.7845	0.74458	0.7845	0.67457	0.70564	0.68976	0.6546	2.5216
1000	60	0.802	0.75868	0.802	0.695	0.72426	0.70933	0.67645	2.5664
10000	60	0.784	0.74397	0.784	0.67369	0.70493	0.68895	0.6537	2.4467
1e-05	70	0.7575	0.73277	0.758	0.58633	0.67139	0.62598	0.5815	3.1744
0.0001	70	0.7575	0.73277	0.758	0.58633	0.67139	0.62598	0.5815	3.264
0.001	70	0.754	0.73144	0.754	0.58201	0.66897	0.62247	0.57748	3.1638
0.01	70	0.747	0.73775	0.747	0.56445	0.66863	0.61214	0.56519	3.1549
0.1	70	0.8065	0.82448	0.846	0.739	0.84178	0.78705	0.76179	3.1246
1	70	0.893	0.81454	0.893	0.79773	0.80635	0.80202	0.78	3.1379
10	70	0.753	0.72129	0.766	0.65797	0.67963	0.66862	0.63133	2.9088
100	70	0.768	0.74548	0.7725	0.677	0.70142	0.68899	0.65393	2.6973
1000	70	0.7695	0.7467	0.7735	0.67859	0.70316	0.69065	0.65578	2.6177
10000	70	0.768	0.744	0.7715	0.67565	0.70049	0.68785	0.65264	2.5579
1e-05	80	0.6805	0.72201	0.7205	0.57544	0.70971	0.63556	0.59054	3.502
0.0001	80	0.679	0.72257	0.7195	0.57339	0.71081	0.63475	0.58951	3.4838
0.001	80	0.6785	0.72121	0.719	0.57219	0.70891	0.63325	0.58784	3.4587
0.01	80	0.674	0.72217	0.717	0.57929	0.70652	0.63661	0.59197	3.4523
0.1	80	0.8135	0.82277	0.8405	0.75039	0.83054	0.78843	0.76372	3.4746
1	80	0.8945	0.81078	0.8945	0.80147	0.80744	0.80444	0.78273	3.4597
10	80	0.829	0.75394	0.829	0.71057	0.72518	0.7178	0.68625	3.1975
100	80	0.762	0.73707	0.7655	0.66742	0.69486	0.68087	0.64479	2.8423
1000	80	0.768	0.73894	0.768	0.66863	0.70089	0.68438	0.64857	2.8734
10000	80	0.7695	0.74022	0.7695	0.66941	0.70134	0.685	0.64927	2.8093
